1 1 28 6 9 -1
2 1 19 19 72 4 -1
8 42 1 1 9 18 1 -1
4 1 5 20 12 70 -1
45 9 1 17 5 21 -1
63 29 2 1 26 3 15 -1
28 96 4 2 -1
92 24 28 16 1 15 55 -1
2 5 30 7 2 2 -1
4 1 7 59 -1
63 1 61 8 8 3 94 -1
7 2 1 77 -1
1 8 4 -1
2 64 9 6 -1
74 1 29 31 -1
41 1 1 20 51 15 26 -1
24 100 56 2 3 3 -1
8 12 45 5 44 2 -1
5 9 6 2 1 1 11 -1
36 1 9 7 80 -1
27 10 57 14 44 1 -1
2 23 1 -1
1 2 1 5 -1
1 22 73 2 -1
1 3 56 17 1 -1
19 4 4 7 1 12 45 -1
12 80 10 1 92 -1
5 1 11 2 -1
7 6 82 1 2 3 -1
15 1 16 14 36 2 7 -1
4 2 1 60 -1
5 1 77 5 1 56 1 -1
1 1 4 2 -1
1 33 6 3 6 37 -1
71 16 2 19 63 -1
2 49 6 8 13 39 -1
28 6 78 15 5 40 20 -1
21 94 79 46 3 9 -1
8 1 5 11 53 5 25 -1
51 23 36 22 26 1 -1
56 9 6 -1
1 23 7 18 -1
19 2 65 50 57 9 -1
1 6 95 2 6 3 8 -1
54 5 6 37 4 2 -1
100 1 15 14 1 1 31 -1
24 3 5 19 19 -1
2 43 22 41 -1
1 1 30 15 -1
2 2 1 -1
4 78 77 4 2 20 -1
2 32 33 -1
5 2 2 1 1 92 -1
2 39 1 4 13 1 41 -1
1 94 2 2 -1
1 2 15 21 35 21 -1
28 18 15 -1
1 12 2 3 -1
21 1 29 9 -1
10 12 3 -1
22 1 1 7 49 38 -1
10 26 3 1 -1
9 3 12 -1
8 5 2 4 4 6 -1
7 4 2 -1
1 4 2 -1
18 19 8 25 24 75 6 -1
74 3 6 8 17 5 -1
13 94 1 18 3 9 8 -1
41 1 2 16 -1
10 66 2 86 -1
2 45 21 -1
6 39 1 1 22 -1
22 5 12 28 96 21 2 -1
28 1 1 7 1 1 -1
61 33 27 5 -1
1 12 8 1 9 -1
4 2 4 15 -1
17 22 9 2 39 4 20 -1
3 1 1 8 31 2 1 -1
1 1 24 3 1 7 -1
6 8 6 1 2 42 21 -1
11 19 3 1 94 9 -1
1 48 1 4 7 11 26 -1
19 9 1 -1
1 88 1 3 14 -1
13 1 10 79 4 43 88 -1
2 2 5 -1
38 59 2 29 -1
21 6 2 18 1 2 1 -1
10 1 1 13 5 -1
1 20 4 43 1 88 -1
1 1 7 30 71 2 -1
4 30 8 27 18 -1
19 28 1 2 2 10 -1
17 14 4 2 2 17 1 -1
27 1 1 17 -1
1 77 7 14 64 1 -1
12 24 7 1 6 -1
8 31 1 6 -1
89 6 3 6 -1
27 2 1 4 74 84 -1
2 1 1 9 1 -1
8 1 44 -1
4 5 3 23 11 -1
52 29 43 21 4 72 13 -1
4 9 6 5 2 -1
1 5 7 3 1 2 36 -1
9 18 50 -1
2 23 2 4 1 -1
6 2 35 7 1 2 18 -1
5 1 83 1 35 76 -1
1 13 1 3 -1
3 8 41 43 -1
24 3 36 15 1 1 1 -1
30 1 8 -1
70 2 2 -1
1 21 22 7 2 23 4 -1
2 2 5 6 49 89 6 -1
1 8 1 28 -1
12 40 3 2 -1
9 5 5 94 85 -1
46 51 3 1 99 -1
15 6 71 -1
20 39 9 11 -1
1 76 40 1 1 -1
3 1 1 8 1 10 -1
48 8 19 -1
26 21 1 1 18 -1
3 1 1 67 2 4 -1
12 1 1 20 29 23 1 -1
12 68 70 5 8 -1
42 66 13 24 8 -1
7 1 89 11 -1
2 9 21 18 1 10 -1
13 18 7 11 12 6 -1
1 8 25 -1
1 1 8 3 1 -1
2 1 4 10 -1
12 13 72 31 8 7 16 -1
21 5 7 7 -1
22 9 2 13 2 22 9 -1
73 2 5 -1
12 33 66 19 -1
40 9 2 1 60 2 -1
16 1 72 2 48 2 79 -1
8 1 5 21 -1
5 1 30 -1
1 6 3 -1
3 29 3 3 1 11 7 -1
2 1 88 50 7 4 -1
37 1 1 -1
1 1 6 -1
4 55 5 -1
5 16 3 1 38 59 -1
66 60 30 1 -1
11 1 36 -1
8 49 2 51 -1
12 4 38 -1
9 74 5 11 -1
27 54 3 1 27 23 -1
54 1 22 54 4 -1
1 1 5 1 19 10 -1
38 53 30 15 -1
59 53 7 1 -1
4 4 20 -1
1 1 1 -1
7 22 2 4 89 15 -1
19 63 4 48 35 5 1 -1
7 7 6 7 -1
26 71 3 -1
1 1 1 87 5 -1
2 83 42 2 1 -1
2 3 11 6 12 5 4 -1
4 13 5 -1
1 18 98 21 -1
5 46 39 34 4 1 -1
7 15 16 16 35 -1
4 4 4 3 21 -1
1 3 18 -1
47 3 1 13 1 -1
67 4 8 3 2 3 42 -1
1 15 1 6 4 1 -1
28 18 1 35 10 2 -1
5 3 8 23 44 2 -1
6 4 1 1 2 -1
11 42 5 44 3 1 -1
4 71 12 4 6 -1
15 75 5 -1
1 6 12 27 -1
50 1 1 18 42 11 17 -1
92 1 67 2 -1
85 8 2 23 12 43 43 -1
17 25 16 3 -1
9 18 3 -1
51 6 66 -1
2 78 1 5 -1
43 83 3 -1
9 9 39 70 17 2 -1
74 12 1 2 -1
56 2 1 43 13 -1
14 44 18 4 52 18 -1
1 1 19 15 6 11 1 -1
3 47 4 17 11 1 27 -1
2 6 1 1 59 -1
97 12 1 20 7 -1
11 59 5 -1
20 2 7 2 76 -1
2 79 7 1 82 48 2 -1
1 33 1 82 -1
16 11 1 1 -1
40 8 17 -1
8 9 1 61 18 2 -1
4 4 42 2 -1
1 25 16 2 46 1 1 -1
1 4 32 23 18 11 3 -1
1 3 1 -1
2 18 5 56 11 3 5 -1
21 43 34 46 -1
2 2 1 9 1 100 27 -1
1 1 5 31 2 -1
5 1 70 1 2 7 -1
34 2 2 2 4 -1
2 69 30 14 11 4 62 -1
2 1 34 -1
21 1 27 1 58 17 -1
3 4 2 3 1 -1
64 33 4 -1
25 42 53 1 3 74 -1
4 3 1 11 32 45 -1
7 39 16 -1
5 3 3 -1
2 66 14 -1
27 1 32 2 13 47 3 -1
13 1 4 1 2 1 -1
2 28 1 6 83 2 2 -1
20 1 47 1 1 37 -1
75 1 1 42 -1
1 36 2 4 13 -1
17 1 94 38 5 1 -1
1 88 50 18 -1
43 2 23 12 2 -1
2 1 6 5 -1
71 1 8 4 48 34 13 -1
3 14 17 -1
16 2 1 94 2 16 -1
10 4 1 6 1 -1
12 9 7 56 1 -1
4 1 3 -1
44 64 41 -1
86 38 35 44 6 16 -1
21 39 6 2 -1
4 70 6 -1
4 8 2 60 93 1 6 -1
20 2 5 26 1 3 1 -1
38 2 23 5 33 24 11 -1
15 35 1 15 3 6 7 -1
9 3 48 1 4 -1
4 45 1 6 30 -1
3 82 100 100 -1
26 3 35 2 13 -1
9 2 2 11 -1
8 27 13 95 35 -1
10 1 1 8 -1
2 11 3 19 1 45 53 -1
3 1 27 17 5 12 -1
10 7 14 68 -1
14 2 1 14 3 1 1 -1
13 5 11 25 4 -1
4 4 1 12 5 1 -1
3 20 10 52 -1
9 88 1 7 -1
1 97 10 -1
21 1 7 1 -1
6 66 5 48 99 -1
10 1 45 1 18 17 87 -1
6 1 1 2 -1
87 12 47 1 68 -1
77 6 2 6 5 50 2 -1
4 29 38 18 24 -1
19 3 1 20 67 1 1 -1
1 1 2 18 19 8 -1
3 6 3 1 51 6 -1
1 17 74 55 -1
17 2 1 1 -1
1 1 4 10 83 -1
2 1 1 56 -1
56 64 10 1 7 38 72 -1
12 10 6 28 3 1 -1
8 4 41 85 1 -1
3 6 57 -1
45 2 25 -1
44 5 22 5 9 9 -1
1 5 32 2 -1
3 1 28 14 16 -1
3 1 1 6 9 1 -1
68 5 1 1 11 93 1 -1
3 3 4 1 3 4 16 -1
13 1 3 -1
1 9 7 2 -1
2 5 17 3 1 87 -1
1 3 80 3 1 -1
93 1 1 82 33 2 1 -1
2 5 2 2 10 55 47 -1
18 10 29 -1
60 47 29 2 100 -1
2 4 3 27 96 -1
30 5 16 -1
6 1 1 49 8 70 -1
59 3 15 88 9 42 -1
1 1 88 30 -1
51 1 8 4 86 2 -1
2 12 59 10 1 32 -1
31 22 1 55 1 98 -1
2 7 20 27 -1
75 20 64 1 39 2 7 -1
63 22 4 1 61 2 10 -1
4 2 37 2 17 3 -1
8 6 13 18 1 39 4 -1
9 86 27 34 29 6 -1
5 2 21 2 17 5 2 -1
3 3 20 -1
79 32 61 -1
1 88 1 5 1 35 -1
1 13 67 1 9 1 -1
10 4 7 4 5 10 -1
74 21 12 1 -1
2 4 27 11 10 -1
2 1 1 4 37 -1
2 1 5 16 -1
9 1 6 4 -1
1 7 1 2 -1
5 3 97 57 -1
3 5 36 92 -1
3 11 10 1 8 -1
7 25 1 2 -1
1 4 4 2 1 48 2 -1
58 34 83 2 2 10 23 -1
8 7 3 48 5 1 65 -1
81 11 99 4 12 37 -1
5 1 10 1 -1
11 86 19 2 -1
10 42 3 3 -1
90 93 12 3 -1
8 1 37 19 -1
12 2 2 1 2 2 34 -1
52 34 1 1 2 29 8 -1
4 51 3 12 32 94 79 -1
40 32 20 44 15 -1
30 4 12 5 36 7 20 -1
38 10 3 12 7 59 5 -1
2 6 1 17 1 -1
10 19 18 27 17 -1
92 2 33 1 1 1 69 -1
2 32 2 -1
2 26 3 7 63 67 57 -1
2 28 19 -1
6 7 2 8 59 43 -1
81 87 66 1 2 4 31 -1
31 31 6 5 15 16 -1
26 41 2 32 1 1 -1
33 96 1 5 44 -1
15 75 5 76 -1
35 4 2 41 -1
1 2 1 49 -1
1 79 40 51 -1
8 27 100 5 2 -1
5 1 4 1 2 -1
4 40 60 -1
84 39 5 39 -1
24 6 5 12 -1
13 18 94 26 -1
1 14 1 59 19 3 2 -1
6 19 2 1 -1
22 13 20 1 54 2 2 -1
25 33 81 23 26 -1
2 2 1 44 29 2 -1
5 2 19 43 1 14 15 -1
6 1 24 1 -1
5 9 1 16 -1
5 1 2 3 15 4 -1
9 30 1 29 1 1 6 -1
43 3 4 -1
47 33 2 39 -1
22 59 51 -1
5 1 10 9 3 24 87 -1
2 1 2 36 40 -1
4 51 13 -1
1 28 7 -1
90 4 25 1 54 3 19 -1
1 2 62 1 -1
12 75 41 11 2 1 -1
11 16 1 1 3 -1
11 4 2 1 28 1 -1
2 31 4 -1
3 4 85 -1
14 21 3 1 8 -1
11 21 20 -1
37 6 26 1 3 1 -1
6 37 71 10 11 11 -1
94 25 1 8 6 -1
7 9 12 1 24 -1
9 3 12 -1
1 63 29 8 5 6 -1
1 20 1 -1
20 1 2 -1
76 27 40 -1
2 3 17 43 5 6 5 -1
1 4 16 8 2 26 20 -1
8 4 8 -1
1 5 38 1 9 -1
1 25 15 -1
10 8 22 8 -1
24 89 22 76 4 -1
15 1 7 3 20 21 46 -1
7 36 1 6 2 -1
1 9 52 3 6 19 1 -1
12 4 40 5 1 -1
45 1 68 48 40 1 88 -1
2 26 1 41 32 1 35 -1
13 1 10 15 1 -1
3 11 3 -1
16 38 26 26 20 1 28 -1
3 1 1 11 55 -1
2 14 2 53 1 4 12 -1
36 4 16 35 1 -1
91 12 82 3 -1
50 2 7 1 51 23 -1
1 1 34 1 1 2 -1
19 1 16 -1
3 2 3 -1
1 91 2 17 2 70 -1
1 33 2 16 4 -1
1 26 2 9 1 -1
2 7 72 85 12 55 3 -1
51 1 1 3 2 -1
8 39 2 -1
9 1 1 -1
16 58 7 2 1 3 1 -1
20 1 1 4 -1
2 3 11 4 3 50 -1
3 66 3 27 17 -1
34 71 8 35 37 3 -1
11 3 1 1 -1
20 2 5 8 3 9 -1
92 13 1 91 9 16 15 -1
1 2 1 -1
6 69 1 4 52 2 -1
28 36 51 40 -1
3 11 13 1 37 1 5 -1
27 3 17 -1
8 8 59 1 6 2 -1
5 6 79 81 7 1 -1
20 8 62 12 4 -1
27 91 3 4 83 41 -1
1 1 1 33 -1
35 32 4 3 -1
1 2 1 1 -1
1 22 23 1 11 70 -1
12 12 98 11 1 2 4 -1
2 2 38 92 2 -1
1 1 16 11 17 -1
9 3 66 54 1 1 -1
47 7 80 1 -1
12 1 5 1 4 1 17 -1
5 18 2 7 11 32 -1
1 2 1 15 13 7 -1
1 1 3 33 65 5 -1
70 2 2 5 36 1 12 -1
12 38 19 8 40 17 -1
10 4 28 2 1 10 11 -1
21 13 2 30 1 -1
4 1 1 1 1 35 -1
3 2 44 2 1 -1
8 2 3 -1
2 1 8 1 91 40 -1
62 20 3 2 18 1 2 -1
21 1 1 1 1 -1
1 2 45 48 3 -1
4 7 2 18 -1
20 1 29 2 -1
1 55 2 23 1 1 53 -1
16 1 11 -1
72 71 55 4 3 9 -1
1 84 1 24 93 1 16 -1
17 73 1 -1
32 1 6 7 1 7 3 -1
4 4 15 -1
24 72 31 1 50 8 -1
5 4 17 9 14 4 -1
7 73 30 30 -1
2 32 1 -1
17 11 63 -1
3 1 1 7 23 1 28 -1
14 1 13 20 -1
7 98 30 11 31 1 -1
3 6 82 5 1 2 -1
4 43 12 1 11 -1
39 1 6 31 4 5 -1
3 3 63 3 8 -1
14 1 2 74 92 8 60 -1
7 1 2 100 61 1 1 -1
1 61 1 9 73 3 3 -1
4 1 82 6 17 6 -1
12 77 8 8 -1
4 20 9 5 -1
1 36 1 81 11 20 -1
16 1 39 1 15 8 1 -1
4 27 17 18 1 26 -1
13 70 2 1 -1
11 4 85 1 -1
38 2 61 10 1 7 96 -1
21 1 38 7 -1
1 2 1 5 1 -1
1 87 5 12 65 -1
3 1 36 13 -1
2 5 2 -1
6 2 4 16 94 12 -1
2 5 20 2 -1
2 79 1 4 -1
7 1 20 2 2 1 11 -1
19 23 23 -1
33 2 4 -1
99 1 2 1 -1
1 42 1 2 14 12 -1
3 79 4 7 1 -1
2 8 11 49 3 79 1 -1
49 2 62 2 78 2 60 -1
1 4 8 1 5 3 2 -1
12 41 70 72 52 -1
1 65 8 47 1 1 -1
15 1 22 15 51 50 -1
2 13 1 9 81 -1
4 71 10 83 3 -1
25 11 6 -1
1 1 31 -1
10 10 3 1 -1
7 29 87 7 -1
42 33 1 1 -1
4 48 4 25 16 3 -1
3 2 1 38 3 1 63 -1
2 8 2 -1
8 2 1 1 8 -1
91 8 9 -1
3 4 3 2 13 -1
6 98 7 51 71 40 -1
6 1 2 22 -1
1 81 50 13 72 39 -1
66 77 1 4 1 2 2 -1
2 9 2 1 1 -1
1 1 14 2 1 1 -1
13 10 4 12 -1
6 20 25 3 1 59 -1
1 15 85 -1
13 1 15 -1
1 69 58 1 13 -1
20 1 13 -1
2 37 1 3 1 1 7 -1
38 19 7 1 9 62 5 -1
2 6 2 38 -1
2 3 17 -1
2 2 3 1 4 1 -1
53 49 2 20 7 -1
2 8 76 1 2 11 -1
2 1 60 46 13 1 -1
41 2 1 -1
47 57 16 16 1 50 -1
2 1 2 49 6 -1
8 12 7 28 1 -1
2 1 51 10 41 88 8 -1
20 14 20 1 2 -1
1 5 97 -1
2 1 5 1 1 3 5 -1
19 6 3 15 4 29 -1
7 5 16 11 -1
1 5 6 -1
13 14 7 87 -1
2 1 8 5 90 96 -1
5 39 18 -1
9 2 3 32 73 -1
2 1 1 -1
3 25 3 7 95 30 6 -1
1 17 17 1 1 2 32 -1
9 6 9 1 17 12 -1
1 43 64 13 -1
22 2 1 7 -1
4 21 45 5 2 -1
60 2 1 30 68 38 -1
10 10 7 1 -1
9 33 12 65 1 -1
1 23 8 5 1 1 -1
1 1 1 -1
89 4 2 1 -1
4 5 40 74 3 9 -1
3 59 16 9 4 2 -1
1 64 1 -1
2 13 2 11 1 -1
5 1 15 32 21 1 2 -1
9 42 6 -1
16 84 25 63 3 11 84 -1
83 12 16 1 7 -1
10 27 3 4 7 6 3 -1
69 1 3 -1
28 92 5 -1
1 1 51 6 -1
7 5 3 -1
18 1 10 3 5 33 -1
7 9 3 10 50 -1
4 3 1 -1
50 94 1 2 1 11 -1
51 14 1 36 63 90 29 -1
2 46 1 98 18 3 31 -1
2 10 10 3 1 10 2 -1
4 70 1 7 -1
1 4 11 28 4 -1
19 1 6 68 10 -1
68 24 18 21 -1
1 33 2 48 1 -1
34 1 6 28 -1
8 1 8 13 1 2 5 -1
1 72 69 32 5 7 1 -1
1 14 76 -1
1 22 5 8 5 1 -1
2 4 2 4 51 1 -1
7 1 1 80 2 -1
4 2 13 94 -1
2 11 6 1 4 1 -1
29 3 1 -1
6 20 83 -1
2 16 1 -1
61 38 46 2 1 11 -1
6 2 8 -1
6 60 1 -1
4 64 9 15 -1
1 89 1 -1
4 9 46 -1
6 82 6 48 -1
1 51 45 1 -1
1 4 1 15 17 -1
27 15 2 13 7 1 -1
1 28 7 61 3 52 -1
85 1 11 1 -1
23 6 31 52 25 -1
22 5 40 -1
38 44 9 4 -1
12 6 26 26 -1
2 81 26 -1
20 5 5 45 1 1 57 -1
20 5 2 50 -1
2 21 17 5 1 14 -1
7 3 1 -1
8 5 5 7 34 -1
3 47 1 -1
1 4 10 13 -1
40 5 4 -1
5 35 1 7 -1
7 7 11 1 1 3 -1
4 2 15 -1
75 2 5 1 13 -1
12 50 56 35 39 -1
1 35 1 1 5 -1
2 1 3 31 13 2 86 -1
10 56 10 -1
29 15 2 2 -1
5 7 1 27 5 68 32 -1
1 31 41 1 -1
81 39 1 10 1 -1
1 9 2 1 11 90 16 -1
1 65 1 29 51 -1
8 5 80 1 32 35 -1
79 1 10 -1
2 63 30 5 1 6 5 -1
25 16 34 -1
18 14 3 -1
10 93 20 2 -1
27 1 12 4 -1
41 1 2 18 60 14 -1
3 23 3 31 6 -1
1 1 2 40 47 -1
2 33 52 19 34 -1
27 2 32 -1
11 31 66 92 90 64 -1
38 21 50 5 63 1 15 -1
7 42 2 11 8 32 -1
1 9 2 15 37 1 37 -1
5 9 18 8 -1
4 77 8 3 14 -1
68 77 7 5 9 1 -1
1 23 2 1 -1
29 33 45 6 20 2 3 -1
6 11 36 66 1 -1
11 97 1 4 -1
16 3 5 2 5 38 -1
16 5 1 2 2 4 -1
3 8 1 3 2 43 -1
35 9 6 4 93 1 -1
1 1 1 2 56 -1
10 28 60 -1
2 60 1 2 -1
27 38 38 42 -1
1 5 70 26 30 -1
2 3 12 11 51 -1
2 19 12 6 97 1 -1
20 11 36 -1
5 2 6 6 -1
5 34 3 1 65 18 1 -1
32 1 3 79 -1
9 4 1 -1
67 4 25 1 10 -1
93 50 84 -1
1 1 50 4 2 37 66 -1
1 10 2 2 61 35 2 -1
3 1 2 4 -1
71 31 1 2 -1
9 3 13 -1
19 6 7 10 -1
2 31 13 -1
6 63 11 -1
2 3 30 1 34 -1
9 1 44 34 -1
10 35 2 53 -1
55 3 41 6 -1
13 56 55 51 -1
8 62 2 32 31 29 -1
1 83 3 2 21 30 -1
98 42 13 9 1 8 -1
4 4 2 3 -1
95 93 1 6 39 -1
11 49 75 -1
62 2 3 99 -1
1 1 1 67 1 -1
49 18 24 21 1 96 6 -1
3 1 49 1 -1
1 56 6 3 -1
90 1 7 3 18 25 5 -1
1 75 14 1 86 1 -1
9 32 2 9 72 -1
2 41 1 1 8 11 1 -1
8 6 6 1 1 13 12 -1
8 4 18 4 9 1 22 -1
8 55 59 -1
61 8 3 1 65 1 10 -1
2 98 2 29 94 3 -1
13 47 2 2 30 -1
73 1 77 65 1 6 -1
16 2 6 44 24 -1
8 2 2 7 19 -1
42 100 77 5 12 -1
7 12 18 1 -1
15 20 3 27 21 -1
49 3 26 2 2 -1
17 3 15 1 1 7 16 -1
3 3 4 1 11 -1
33 38 15 -1
5 27 2 6 17 -1
8 1 49 7 -1
3 46 9 4 -1
2 5 97 12 -1
14 52 1 -1
1 22 1 5 35 36 1 -1
3 13 55 1 11 -1
1 8 57 26 -1
22 8 1 42 28 6 -1
77 8 4 1 5 61 5 -1
80 1 2 6 1 -1
1 7 30 1 -1
33 37 8 -1
2 16 2 11 -1
3 1 27 -1
13 8 63 23 49 15 -1
7 1 25 1 1 1 -1
1 9 2 3 -1
1 73 1 -1
7 1 7 4 12 3 -1
7 1 3 91 -1
1 6 48 2 9 -1
3 47 29 -1
3 30 20 -1
9 10 4 -1
3 96 5 -1
2 8 11 23 2 2 -1
15 1 7 75 -1
1 62 40 62 22 -1
13 11 3 1 10 4 -1
2 79 49 3 16 -1
3 30 98 -1
38 13 100 33 -1
1 19 45 28 7 2 -1
32 81 12 1 1 -1
8 9 77 1 13 71 -1
1 2 38 2 23 4 7 -1
90 4 8 2 5 48 -1
1 1 42 -1
25 8 95 59 -1
22 3 96 1 -1
2 57 2 59 58 1 1 -1
1 4 4 43 1 25 -1
11 83 58 -1
22 4 13 2 73 -1
29 2 30 1 -1
4 11 4 3 1 1 -1
1 5 4 1 1 5 36 -1
2 20 1 52 9 2 1 -1
3 2 1 1 -1
7 22 1 1 -1
30 31 5 27 2 4 16 -1
4 1 1 3 -1
1 9 4 -1
4 2 98 3 5 2 26 -1
8 1 1 13 10 6 -1
72 3 61 -1
5 48 1 3 37 40 2 -1
13 5 4 1 2 -1
3 27 3 42 1 -1
23 39 1 22 -1
1 63 60 12 13 5 -1
1 33 6 -1
3 7 16 72 11 34 -1
8 1 4 3 -1
6 58 73 -1
19 1 3 -1
1 10 70 1 -1
31 31 3 -1
3 19 1 7 15 1 2 -1
17 96 6 82 -1
3 8 7 39 10 47 17 -1
3 21 1 -1
1 6 6 -1
9 12 11 7 -1
3 94 4 12 -1
3 1 5 30 22 26 45 -1
13 14 27 11 -1
2 4 1 -1
79 11 5 2 34 -1
39 2 5 2 -1
1 7 1 96 39 9 1 -1
27 1 8 4 2 -1
62 38 4 -1
4 1 2 -1
87 70 24 90 -1
24 7 8 10 10 17 -1
1 1 1 54 44 -1
96 17 9 4 -1
33 22 1 -1
33 2 45 2 74 1 -1
1 77 10 -1
73 1 21 39 1 -1
1 24 1 5 1 1 -1
7 79 14 36 1 92 90 -1
4 3 62 34 -1
98 1 10 54 2 -1
1 5 2 98 6 1 -1
15 2 3 -1
52 1 36 -1
2 1 5 -1
7 1 76 2 4 5 4 -1
2 4 26 7 36 12 -1
2 1 24 37 7 31 -1
1 4 1 4 1 1 -1
1 74 46 -1
14 5 69 32 1 10 30 -1
9 14 23 -1
1 41 10 -1
1 3 12 2 2 2 -1
1 36 16 18 16 29 34 -1
2 24 1 -1
2 2 17 7 1 32 -1
1 5 35 62 -1
8 62 2 99 1 6 1 -1
35 2 1 12 -1
3 7 27 1 27 -1
17 22 9 7 2 -1
8 7 5 10 3 -1
1 1 4 -1
13 1 41 1 2 3 -1
18 57 4 29 1 3 -1
1 3 22 76 -1
4 1 1 14 -1
70 2 1 3 3 -1
7 1 1 -1
90 71 20 86 20 26 2 -1
8 5 33 11 42 -1
13 2 3 -1
8 4 2 2 3 -1
24 1 1 1 25 7 6 -1
1 52 7 1 9 65 37 -1
4 2 9 2 11 -1
15 9 76 24 1 -1
10 13 6 70 -1
2 4 23 1 -1
2 13 23 53 -1
37 4 20 46 -1
1 89 93 5 16 -1
3 1 6 80 6 1 -1
15 5 1 6 -1
18 3 3 4 -1
16 47 17 -1
11 19 4 -1
4 9 57 1 75 4 -1
42 53 5 3 42 1 -1
39 1 50 4 -1
2 33 50 6 -1
1 4 1 3 3 2 5 -1
44 11 1 20 1 24 3 -1
5 95 7 1 60 12 6 -1
37 1 49 3 -1
9 2 18 -1
49 64 1 -1
40 44 1 -1
37 7 100 1 16 51 -1
8 1 5 46 3 26 2 -1
48 1 1 -1
2 26 20 37 -1
1 10 22 -1
1 5 12 80 -1
2 23 28 23 1 19 -1
89 13 28 -1
1 33 1 1 3 -1
19 17 2 1 6 -1
59 29 12 2 8 22 1 -1
3 16 1 1 32 44 -1
26 12 2 15 8 1 10 -1
2 1 35 52 1 3 -1
7 2 1 17 1 -1
2 3 39 -1
1 30 11 4 3 16 3 -1
1 7 7 7 40 -1
32 85 99 6 10 1 -1
51 1 2 11 9 21 1 -1
1 3 5 2 4 -1
5 72 25 1 5 -1
43 97 1 85 1 4 1 -1
5 19 2 24 28 3 4 -1
89 17 1 84 18 -1
1 11 3 -1
2 1 85 9 -1
49 3 6 48 55 2 -1
5 77 1 43 -1
8 26 33 30 2 12 1 -1
51 92 1 2 -1
11 3 3 8 -1
21 8 4 29 2 1 2 -1
14 67 39 1 -1
54 72 23 1 24 -1
13 9 1 82 21 -1
1 3 7 27 54 8 22 -1
9 8 1 4 1 73 18 -1
40 50 47 -1
50 12 73 20 -1
8 11 41 20 87 -1
7 2 1 -1
7 1 7 1 -1
27 5 4 2 71 7 16 -1
75 4 11 8 -1
39 97 9 78 -1
1 17 2 -1
2 1 16 38 6 79 -1
59 7 3 26 -1
41 10 58 13 5 2 -1
2 4 5 52 11 31 10 -1
16 7 9 1 -1
26 33 4 1 -1
10 41 50 51 11 4 -1
1 39 14 17 -1
24 6 2 1 23 40 31 -1
8 2 16 3 -1
52 13 67 1 3 19 3 -1
21 1 53 67 90 3 -1
71 14 1 7 1 2 6 -1
41 80 10 -1
2 69 2 -1
1 2 14 57 31 14 3 -1
5 50 1 1 26 1 11 -1
75 1 1 3 1 9 13 -1
71 1 68 36 -1
68 5 23 1 1 6 -1
1 7 4 -1
72 88 3 14 34 -1
15 8 88 17 -1
2 12 1 53 -1
2 8 1 10 31 -1
5 2 15 2 1 15 7 -1
2 51 5 74 8 1 -1
18 9 35 3 50 2 12 -1
2 4 1 3 2 -1
7 58 1 1 82 -1
73 7 22 1 -1
81 23 52 3 9 -1
1 60 9 2 64 13 -1
2 2 15 -1
29 16 13 5 10 2 -1
1 57 94 31 10 4 -1
1 2 6 -1
20 1 23 49 25 2 -1
16 29 15 -1
90 3 1 6 -1
16 4 2 5 3 -1
50 16 97 14 53 3 1 -1
1 30 1 3 -1
38 68 1 6 1 78 -1
50 3 10 -1
3 2 43 69 5 4 4 -1
7 6 6 7 1 -1
53 18 2 76 4 5 1 -1
3 2 57 20 -1
44 34 1 9 4 2 64 -1
93 3 1 8 -1
25 15 15 1 40 10 -1
25 1 1 -1
1 2 29 -1
7 11 9 16 -1
80 41 8 2 1 -1
1 2 4 55 1 -1
47 41 29 1 1 7 1 -1
23 3 59 1 66 2 1 -1
40 6 1 50 3 -1
90 45 31 2 11 30 -1
10 42 1 14 2 3 5 -1
1 100 32 -1
4 13 4 6 7 32 1 -1
14 2 14 -1
4 1 9 13 6 -1
30 2 2 6 1 66 3 -1
27 1 8 5 -1
4 7 13 45 58 12 25 -1
2 33 2 4 84 4 1 -1
3 38 20 -1
12 25 47 -1
8 7 21 67 25 4 1 -1
12 3 87 1 1 -1
1 3 10 -1
2 3 2 -1
11 63 19 1 1 -1
4 19 27 -1
70 2 9 16 11 5 -1
5 1 10 1 67 -1
1 10 93 -1
2 28 83 1 6 1 -1
3 1 3 73 -1
3 22 1 1 -1
1 5 9 55 8 76 4 -1
5 3 1 2 1 9 5 -1
92 72 36 -1
1 15 5 2 -1
1 2 29 12 -1
72 1 2 -1
1 16 1 1 -1
9 49 12 -1
31 11 17 52 21 23 77 -1
2 19 19 1 6 22 -1
20 97 2 1 1 46 -1
7 4 8 51 -1
73 1 1 -1
17 21 1 90 1 4 -1
16 78 20 -1
14 27 2 5 -1
1 61 1 58 46 14 29 -1
5 1 71 22 -1
6 1 1 68 65 12 -1
1 1 18 2 -1
64 1 39 27 -1
21 87 1 10 20 8 -1
1 1 62 85 -1
40 5 24 44 -1
9 2 1 -1
3 5 9 9 13 1 1 -1
1 2 53 1 1 -1
7 43 4 3 4 42 1 -1
1 1 2 15 29 18 -1
3 6 12 -1
1 1 3 17 5 5 -1
9 5 5 31 53 -1
1 2 11 3 1 -1
16 6 6 -1
87 1 1 2 51 42 -1
4 7 17 -1
5 3 1 8 7 -1
18 47 4 7 38 10 63 -1
100 3 12 13 2 3 -1
7 1 13 2 40 14 3 -1
2 1 1 13 13 46 85 -1
1 6 1 11 -1
9 1 75 1 36 29 8 -1
2 2 32 7 9 2 -1
7 63 12 1 23 3 -1
1 23 2 50 95 2 -1
2 37 9 -1
2 1 2 78 -1
4 59 72 96 14 -1
16 77 1 10 -1
2 1 2 5 1 -1
71 3 1 7 -1
1 52 80 22 -1
12 49 28 7 1 -1
6 1 32 30 2 -1
17 3 36 60 1 58 -1
41 33 8 88 58 2 -1
5 63 9 1 78 -1
1 1 2 -1
5 4 4 3 -1
1 1 4 1 -1
4 1 9 90 17 82 -1
61 17 25 1 25 1 79 -1
1 4 1 98 7 -1
71 12 1 11 7 3 56 -1
18 89 1 1 50 -1
2 5 20 39 30 -1
27 5 52 4 2 -1
1 11 1 11 9 -1
76 1 26 -1
19 26 7 2 -1
45 1 3 20 1 49 -1
1 8 75 27 18 1 9 -1
30 12 23 3 -1
24 4 3 6 87 45 -1
54 42 98 9 -1
3 91 7 23 -1
6 15 28 1 1 6 1 -1
7 22 2 -1
5 4 84 -1
15 9 2 -1
23 16 16 5 1 -1
6 20 4 1 11 15 23 -1
3 6 11 8 10 -1
62 6 3 4 -1
2 42 8 49 8 16 -1
3 7 6 1 13 1 2 -1
19 10 19 1 -1
2 39 1 10 7 3 -1
1 12 1 2 -1
21 38 20 -1
42 3 24 4 2 73 38 -1
14 2 9 73 1 -1
96 3 2 16 5 19 -1
5 37 1 52 13 1 -1
7 5 25 20 -1
39 3 65 -1
3 3 1 1 51 -1
55 19 13 -1
81 2 69 41 3 6 2 -1
17 25 3 -1
14 1 25 33 79 4 -1
2 19 44 9 -1
39 46 12 -1
11 6 3 12 16 1 50 -1
19 80 98 -1
53 100 4 -1
1 17 1 3 77 -1
1 38 20 45 12 16 -1
44 87 94 55 12 14 14 -1
2 5 4 26 1 73 4 -1
1 11 4 2 68 -1
2 94 80 2 11 1 -1
1 2 7 1 -1
42 3 21 56 30 -1
32 1 5 8 14 4 -1
1 17 20 37 9 -1
4 6 1 -1
1 7 52 -1
2 57 13 14 3 2 -1
2 84 8 20 5 1 5 -1
2 39 51 30 -1
95 4 58 6 3 74 -1
14 5 1 -1
9 15 8 75 -1
6 49 1 -1
2 36 6 12 -1
1 85 4 1 -1
2 1 17 -1
8 5 1 1 18 1 -1
4 56 29 2 1 2 9 -1
4 12 70 2 -1
1 1 1 1 -1
1 29 2 74 20 61 -1
5 79 11 -1
19 4 1 15 -1
2 1 3 5 54 10 -1
57 2 1 2 11 2 -1
4 13 2 38 -1
5 8 4 49 -1
1 19 1 2 9 -1
1 1 45 1 12 -1
6 1 4 -1
31 6 7 10 1 -1
1 2 20 13 -1
6 8 55 13 28 1 -1
5 35 56 29 7 2 -1
8 1 78 1 46 -1
20 10 71 1 26 -1
2 2 98 57 27 3 -1
7 4 14 14 3 34 3 -1
36 8 3 3 39 -1
4 84 1 81 -1
22 41 2 24 46 -1
10 1 11 -1
9 37 5 36 22 17 -1
46 3 3 1 3 -1
53 18 1 5 12 7 18 -1
71 7 1 7 23 6 -1
1 2 8 46 2 2 15 -1
7 3 3 -1
14 14 1 33 36 2 67 -1
29 2 23 40 6 2 51 -1
1 1 3 1 -1
2 13 31 2 56 9 -1
81 25 1 2 76 88 -1
84 38 7 1 22 -1
12 62 1 1 11 8 62 -1
69 58 1 1 49 -1
43 80 10 1 1 75 1 -1
5 5 14 -1
1 8 1 2 -1
26 35 3 48 28 -1
3 29 81 2 1 73 -1
15 9 3 2 3 5 -1
27 14 47 5 7 -1
1 64 2 60 -1
1 12 18 22 3 -1
8 4 26 8 7 -1
7 81 1 -1
2 4 49 65 1 3 13 -1
3 1 1 13 71 -1
19 85 6 20 51 -1
1 5 12 -1
1 3 81 3 98 14 -1
84 15 8 24 58 -1
1 1 37 31 -1
27 25 1 40 85 -1
7 5 3 1 76 8 1 -1
17 96 8 2 -1
14 7 1 1 7 -1
13 24 33 1 1 -1
20 2 5 3 1 1 1 -1
5 48 8 -1
9 1 32 11 -1
3 91 87 -1
10 2 6 7 2 2 -1
10 1 1 1 34 -1
79 1 24 -1
5 28 47 14 -1
2 1 91 83 9 -1
10 3 3 8 70 -1
66 20 1 -1
1 4 99 26 18 63 -1
35 1 26 14 24 7 1 -1
16 2 60 -1
54 53 1 12 29 1 -1
2 76 13 2 5 88 -1
6 98 34 -1
11 13 70 20 4 9 -1
62 86 6 13 1 19 -1
3 2 1 -1
7 32 2 20 1 -1
1 97 4 1 4 -1
77 53 1 35 6 8 23 -1
5 7 2 3 -1
7 48 7 -1
4 39 9 1 -1
3 2 73 -1
3 1 1 8 1 11 5 -1
49 11 89 -1
3 1 49 1 91 30 -1
1 9 83 40 7 3 -1
9 56 2 -1
19 2 7 15 -1
55 15 13 1 13 7 7 -1
16 28 15 1 -1
4 8 66 36 -1
3 29 27 2 -1
2 1 47 51 3 3 71 -1
2 4 4 50 11 7 -1
1 5 1 3 29 -1
1 37 26 -1
2 16 8 -1
2 41 1 8 3 52 -1
39 3 6 53 86 14 -1
66 4 62 1 -1
58 61 35 78 -1
6 1 40 9 5 -1
51 2 1 -1
86 88 86 28 10 26 76 -1
3 4 51 48 7 6 -1
1 38 5 7 -1
2 17 2 39 1 -1
4 28 3 92 -1
12 2 60 31 2 -1
8 10 13 1 20 33 5 -1
1 4 4 5 2 -1
2 88 1 17 1 1 76 -1
18 72 5 -1
1 2 1 -1
2 3 3 8 -1
1 1 3 -1
1 30 4 -1
2 16 2 -1
1 10 53 8 8 37 -1
48 1 1 36 73 17 1 -1
94 2 1 6 41 -1
1 2 94 16 -1
47 18 9 2 1 21 -1
3 34 5 10 11 -1
77 16 1 -1
1 14 17 2 -1
11 45 32 16 7 1 -1
7 41 25 -1
16 10 2 3 4 1 -1
21 82 6 2 49 -1
96 1 13 9 14 -1
1 3 4 4 3 21 -1
13 15 40 1 -1
30 8 82 -1
5 2 53 36 2 8 -1
34 7 29 3 3 2 -1
1 1 1 19 -1
2 50 1 9 4 67 9 -1
9 59 2 92 39 1 -1
7 2 9 -1
1 3 33 2 4 46 5 -1
2 74 36 -1
3 1 2 8 1 58 -1
11 12 5 95 -1
50 15 69 23 1 4 19 -1
3 97 8 1 5 9 41 -1
2 9 23 42 -1
7 1 57 22 22 -1
5 1 6 -1
1 1 1 14 1 2 -1
5 2 32 9 52 6 -1
2 47 31 14 -1
12 73 1 3 -1
8 6 30 1 6 60 -1
52 59 10 -1
31 3 49 7 -1
4 20 2 -1
2 10 21 67 15 1 -1
11 1 3 29 34 73 1 -1
1 1 39 3 7 5 -1
4 31 52 1 1 3 -1
5 4 1 6 71 16 2 -1
2 24 2 3 -1
3 30 4 6 54 -1
1 1 79 1 20 53 10 -1
11 2 85 49 8 10 2 -1
1 2 6 1 1 -1
17 69 14 46 51 25 3 -1
10 32 17 28 4 20 -1
22 24 15 4 14 1 44 -1
1 15 4 2 27 -1
5 1 7 36 12 -1
12 5 1 14 2 -1
100 3 2 62 5 -1
24 13 2 -1
49 2 3 2 8 1 -1
36 14 2 45 7 -1
1 2 5 56 36 -1
1 13 86 1 -1
8 14 38 1 14 51 1 -1
21 1 66 -1
52 2 41 36 1 33 -1
4 16 2 3 -1
1 1 1 12 18 -1
4 50 95 4 -1
1 2 18 -1
32 3 1 22 22 -1
54 1 13 -1
2 17 21 24 1 9 -1
8 79 2 1 -1
41 6 1 -1
6 1 7 3 -1
1 50 1 6 -1
62 30 60 15 2 33 1 -1
2 53 45 2 1 -1
3 43 15 10 13 60 -1
12 1 1 46 -1
1 3 23 7 -1
15 7 5 1 12 -1
1 1 5 -1
7 2 13 -1
79 1 1 7 -1
40 68 2 1 35 -1
54 13 18 -1
1 5 1 3 1 10 -1
15 11 58 -1
3 68 2 49 1 4 -1
15 39 2 1 11 1 -1
47 28 5 2 1 21 -1
8 3 21 -1
1 2 3 -1
1 2 4 1 1 11 -1
29 1 10 4 22 -1
3 5 12 1 53 1 -1
15 97 17 4 -1
75 1 4 -1
40 5 10 1 2 -1
5 4 9 1 2 61 90 -1
45 2 12 17 -1
81 23 12 -1
1 4 1 2 2 -1
1 5 1 11 -1
3 72 2 -1
5 4 1 67 1 1 -1
29 9 7 -1
2 2 39 1 54 58 6 -1
1 1 28 1 -1
20 44 9 3 88 16 3 -1
1 2 13 21 16 -1
14 1 37 1 -1
3 10 2 32 2 4 2 -1
91 51 69 65 2 29 75 -1
3 83 1 5 -1
20 17 12 2 66 6 -1
10 5 13 2 2 -1
89 1 1 -1
7 1 89 -1
11 5 1 51 55 2 -1
3 70 1 -1
99 8 1 2 86 41 2 -1
4 7 5 33 55 2 2 -1
5 20 6 45 1 -1
2 2 2 -1
54 63 21 1 7 2 50 -1
4 18 42 23 3 -1
3 14 2 -1
3 89 73 30 71 17 -1
7 1 17 -1
1 1 4 -1
2 3 7 1 -1
30 3 18 52 4 13 8 -1
1 82 1 80 84 3 -1
8 24 65 -1
4 1 2 1 1 1 -1
1 6 70 1 53 1 -1
4 1 39 16 17 20 -1
35 1 50 1 29 -1
6 94 2 31 -1
16 52 1 1 2 -1
2 3 7 -1
3 1 11 46 1 8 2 -1
7 7 1 45 -1
1 77 35 37 3 1 5 -1
1 32 2 48 -1
2 3 49 8 -1
23 52 2 -1
27 13 99 -1
4 1 80 51 1 51 -1
2 27 10 20 43 22 -1
1 2 43 3 -1
8 3 2 -1
53 40 66 1 2 -1
9 26 2 1 4 -1
66 6 22 11 -1
25 1 8 -1
11 12 37 23 25 62 2 -1
4 7 17 5 9 5 80 -1
9 67 13 8 1 32 -1
49 18 80 -1
1 52 32 1 38 10 15 -1
11 16 9 16 11 1 -1
4 22 6 -1
75 61 1 7 5 -1
93 1 74 2 70 24 46 -1
1 65 4 2 1 22 -1
1 1 2 1 3 1 4 -1
4 3 16 63 7 74 -1
70 3 3 8 20 18 -1
16 4 78 2 -1
1 2 2 18 -1
20 3 39 1 1 45 1 -1
1 12 2 1 -1
24 27 1 -1
97 1 5 -1
16 81 1 1 -1
51 11 28 29 -1
57 1 1 -1
15 1 8 52 36 22 -1
1 2 1 1 63 -1
3 33 32 -1
2 35 24 88 -1
28 85 18 5 1 -1
21 75 1 94 -1
1 13 1 93 14 21 -1
1 49 55 1 -1
19 2 62 1 4 -1
78 4 31 54 10 69 10 -1
26 1 51 -1
6 8 84 9 99 3 -1
1 1 3 7 37 -1
78 7 10 1 -1
33 5 2 -1
2 1 3 8 15 32 1 -1
67 10 2 3 2 28 12 -1
1 1 8 6 16 43 -1
66 30 22 38 16 83 -1
64 2 2 -1
2 6 57 1 7 -1
1 67 3 9 93 -1
2 11 1 -1
3 6 4 1 -1
7 4 19 48 2 -1
1 1 3 17 45 3 -1
69 1 11 2 6 7 30 -1
1 2 35 47 19 3 -1
47 17 7 1 34 16 -1
20 38 19 47 -1
90 1 52 8 -1
1 1 3 18 -1
2 72 12 -1
83 1 16 1 -1
18 40 1 -1
3 22 1 1 17 1 3 -1
4 20 2 2 64 -1
95 4 11 -1
22 97 5 -1
65 1 1 38 2 -1
2 43 3 7 -1
1 50 10 3 5 4 3 -1
3 10 36 4 3 72 -1
73 91 67 2 -1
2 1 93 -1
100 3 9 -1
4 5 10 1 -1
1 83 16 16 -1
5 5 87 4 1 3 6 -1
43 6 26 8 24 1 25 -1
25 2 16 53 -1
96 8 70 11 13 6 43 -1
18 1 3 32 47 5 7 -1
1 2 56 22 85 2 2 -1
4 23 9 10 27 7 6 -1
1 15 38 2 30 45 1 -1
3 63 2 9 -1
3 5 1 -1
30 57 1 1 42 -1
4 39 36 13 1 70 -1
41 95 53 -1
1 1 2 54 5 -1
12 16 2 73 1 -1
14 35 22 4 1 34 -1
1 25 45 -1
17 33 13 7 -1
4 19 11 43 18 -1
28 3 14 -1
2 8 81 2 1 -1
53 41 2 60 36 21 -1
45 1 16 -1
4 1 7 1 10 -1
1 21 100 2 1 -1
7 28 13 30 29 2 -1
1 1 12 3 6 57 -1
11 8 70 4 2 3 -1
1 1 8 74 3 11 1 -1
28 6 92 1 -1
87 1 38 17 22 1 54 -1
1 4 12 13 5 -1
4 2 8 2 16 -1
31 1 51 2 34 8 -1
29 1 71 6 55 1 12 -1
1 10 8 1 1 14 1 -1
12 4 20 10 1 -1
60 31 80 1 17 8 88 -1
1 8 10 3 -1
1 1 1 4 3 17 -1
2 2 1 1 8 -1
1 5 66 2 82 4 -1
10 13 2 42 28 49 -1
6 29 14 1 -1
4 1 14 1 2 21 -1
21 8 1 -1
24 10 1 -1
14 20 1 8 100 2 -1
2 17 13 -1
8 1 2 -1
10 4 5 6 1 93 -1
90 45 1 50 -1
81 85 2 96 -1
8 2 91 7 -1
68 15 3 -1
36 1 11 1 -1
36 4 91 51 -1
1 7 19 11 -1
1 6 93 32 -1
100 4 87 2 -1
30 2 80 7 74 -1
1 6 44 89 1 -1
1 5 21 10 -1
1 56 26 77 93 -1
14 8 14 21 30 57 11 -1
15 9 2 4 1 -1
4 46 9 2 7 6 6 -1
12 34 20 1 2 -1
23 1 1 3 1 -1
2 7 57 -1
19 26 52 58 12 10 -1
1 38 2 5 12 2 15 -1
34 8 3 4 5 60 3 -1
36 53 27 71 2 -1
9 2 2 36 34 1 3 -1
18 1 1 7 -1
31 1 75 2 13 45 1 -1
7 3 16 11 1 -1
16 1 4 -1
48 2 13 1 88 6 2 -1
1 71 1 1 -1
12 6 1 54 6 35 -1
1 15 26 10 -1
5 1 28 18 6 53 90 -1
50 90 1 41 32 2 10 -1
50 22 67 -1
2 12 40 -1
7 22 2 -1
31 24 1 1 8 -1
19 1 10 14 -1
18 3 25 4 1 19 1 -1
6 88 31 -1
3 1 13 24 32 12 36 -1
1 71 50 -1
70 6 72 -1
16 15 24 -1
1 6 3 63 -1
51 34 3 -1
3 3 3 12 1 17 -1
1 58 1 18 12 1 2 -1
9 40 1 -1
3 78 1 12 78 1 -1
67 13 4 -1
1 1 20 -1
1 9 10 1 17 1 91 -1
1 3 4 9 6 65 5 -1
56 9 2 18 3 82 25 -1
23 10 1 1 1 -1
1 96 22 10 -1
16 4 2 45 1 31 29 -1
7 6 13 57 27 1 -1
1 1 2 -1
23 1 1 2 -1
4 2 16 6 1 -1
8 4 67 9 2 23 13 -1
33 1 90 39 4 4 -1
69 75 11 -1
19 33 4 100 13 -1
85 76 95 -1
1 11 98 17 4 1 -1
8 4 3 6 4 1 53 -1
98 1 1 -1
1 5 33 3 2 6 16 -1
3 1 14 1 -1
50 41 7 1 -1
9 1 13 -1
19 1 1 -1
1 14 18 -1
8 50 2 2 54 41 1 -1
60 1 1 -1
84 66 5 4 5 -1
97 1 31 10 1 50 1 -1
1 16 32 3 7 1 -1
26 10 32 24 -1
79 4 33 1 -1
2 1 56 10 4 1 -1
8 1 80 29 39 4 1 -1
12 5 15 16 -1
3 6 1 10 1 -1
5 1 2 48 1 6 -1
1 8 19 2 23 13 10 -1
1 2 14 44 2 12 4 -1
19 1 55 -1
4 14 22 87 -1
15 1 48 14 1 -1
23 6 13 2 -1
5 3 23 2 3 63 -1
5 88 2 44 3 1 8 -1
50 23 3 39 1 -1
12 5 4 90 1 7 27 -1
3 8 64 3 -1
1 8 6 1 2 3 37 -1
1 27 12 4 2 22 2 -1
3 3 61 94 3 -1
10 59 38 5 20 -1
10 14 1 17 80 -1
5 27 2 1 7 -1
1 6 7 1 1 28 -1
3 1 45 2 5 -1
2 1 56 88 1 -1
1 4 42 8 2 -1
12 37 29 1 1 41 -1
58 25 2 13 2 15 -1
3 12 4 71 3 22 15 -1
2 1 93 3 16 1 3 -1
57 47 1 29 4 1 4 -1
12 44 9 74 -1
54 1 27 -1
10 50 2 -1
77 1 1 8 -1
89 1 1 13 -1
6 4 13 4 -1
37 33 16 -1
84 37 15 46 2 2 -1
2 86 2 -1
4 4 12 19 -1
30 48 4 11 -1
4 69 1 6 67 4 52 -1
23 22 5 -1
13 1 8 19 1 25 8 -1
2 1 57 -1
2 1 2 1 1 -1
16 46 37 -1
8 2 1 -1
1 1 21 10 -1
25 1 23 2 29 56 13 -1
6 32 91 -1
2 53 4 1 2 15 -1
1 1 4 15 -1
10 60 34 1 1 -1
1 27 25 1 7 3 23 -1
8 18 1 2 7 14 1 -1
14 10 15 -1
7 1 10 1 68 44 3 -1
10 2 6 19 18 -1
56 68 47 2 92 -1
5 1 23 1 8 36 -1
2 57 91 85 2 7 12 -1
51 6 12 -1
22 2 1 32 18 -1
6 96 3 -1
2 6 51 6 1 25 -1
18 20 14 14 89 2 1 -1
1 14 11 39 56 -1
60 23 6 2 27 24 -1
3 45 1 8 -1
37 15 4 -1
13 42 81 1 42 2 -1
8 7 1 1 1 20 91 -1
85 1 7 1 2 15 1 -1
24 30 1 56 3 -1
1 7 95 34 3 94 -1
55 2 49 22 47 -1
8 2 91 19 6 -1
1 13 30 -1
1 42 46 19 10 58 23 -1
33 14 3 2 5 2 -1
78 6 1 55 47 48 -1
27 14 93 -1
4 2 9 17 2 6 4 -1
58 87 16 6 13 -1
5 1 18 10 4 3 28 -1
10 1 33 25 7 23 -1
21 8 93 -1
16 2 94 6 -1
95 100 1 4 1 25 -1
2 3 1 1 21 -1
1 45 79 1 66 12 56 -1
19 8 50 2 -1
5 58 2 2 84 13 -1
52 39 1 -1
1 8 9 8 1 1 5 -1
95 15 1 5 3 -1
2 17 76 98 -1
11 16 6 1 -1
39 80 5 1 46 -1
1 82 2 -1
2 14 79 -1
44 28 77 -1
17 11 2 5 97 -1
44 41 54 11 3 3 35 -1
2 16 2 97 3 2 -1
4 1 41 -1
35 1 3 20 1 3 13 -1
11 93 3 70 7 -1
1 76 23 -1
52 12 1 48 -1
1 6 3 -1
1 1 1 2 -1
24 26 2 4 1 2 -1
3 23 4 4 8 1 30 -1
1 1 1 1 9 87 -1
39 62 21 -1
2 5 10 1 14 45 22 -1
45 1 5 -1
12 21 2 -1
23 54 23 6 18 28 -1
1 13 1 1 1 9 42 -1
2 35 1 21 4 52 2 -1
1 1 1 4 -1
5 5 6 12 2 2 -1
63 55 2 38 13 67 -1
4 1 53 7 5 2 -1
5 1 83 3 2 2 1 -1
8 99 5 -1
32 11 73 42 3 -1
21 1 25 -1
72 1 17 2 40 6 -1
11 22 12 -1
2 36 1 38 70 12 -1
8 1 47 -1
4 5 7 -1
1 1 18 10 -1
18 55 30 2 21 3 3 -1
6 2 57 8 1 -1
1 1 3 14 66 1 -1
88 31 33 1 1 -1
99 1 8 59 10 1 -1
3 95 1 23 30 8 2 -1
7 1 7 39 1 -1
29 1 2 21 83 28 31 -1
24 2 3 -1
3 94 3 -1
14 1 1 24 1 -1
33 22 22 4 95 -1
6 44 1 -1
1 1 6 2 -1
16 3 61 1 -1
32 2 38 -1
1 2 18 8 55 -1
3 1 2 52 8 15 69 -1
3 60 17 3 1 56 10 -1
84 2 3 37 7 12 -1
22 16 62 100 45 11 -1
31 43 33 -1
4 73 30 15 1 -1
5 92 13 1 22 46 9 -1
40 46 3 -1
16 28 1 -1
57 2 92 38 11 54 84 -1
10 6 19 16 6 5 -1
95 1 5 3 59 -1
19 5 95 9 30 1 3 -1
4 15 2 6 52 -1
7 1 43 81 9 -1
3 19 11 1 31 78 -1
12 3 79 95 8 -1
10 2 11 13 1 4 -1
4 22 9 1 9 -1
2 22 15 1 -1
39 17 44 23 1 1 -1
66 97 1 -1
67 15 6 -1
2 4 1 3 11 -1
29 3 27 21 11 77 40 -1
1 1 1 1 1 9 -1
37 1 2 36 -1
6 9 28 82 28 1 -1
1 23 93 11 95 -1
1 6 29 6 1 41 -1
2 11 26 4 1 2 42 -1
1 1 3 30 -1
7 1 9 28 11 1 -1
2 10 72 -1
28 77 84 25 -1
7 2 13 1 14 -1
56 90 2 4 -1
16 15 1 4 3 1 5 -1
9 1 23 72 4 1 1 -1
19 29 1 4 87 15 25 -1
13 12 6 2 81 -1
19 91 3 9 2 1 -1
1 1 3 -1
2 6 4 -1
22 5 1 6 -1
9 60 27 1 23 -1
86 47 10 3 1 8 61 -1
48 1 12 4 6 7 -1
2 1 1 74 1 -1
2 67 3 42 56 27 27 -1
4 84 47 68 1 -1
2 1 42 39 87 44 7 -1
2 1 69 -1
12 70 48 58 48 1 1 -1
15 1 6 4 6 -1
31 5 100 -1
1 62 32 59 22 1 83 -1
4 5 20 -1
73 1 1 2 4 -1
29 14 2 3 -1
54 3 3 11 -1
4 32 10 71 -1
22 2 16 1 7 -1
2 13 10 38 4 -1
86 2 9 16 5 -1
1 98 9 7 10 28 70 -1
6 1 10 2 1 3 9 -1
1 14 1 6 2 1 -1
1 3 5 2 1 60 -1
7 8 3 1 9 -1
2 5 19 81 85 -1
1 26 6 50 -1
13 14 2 -1
8 88 3 7 1 57 23 -1
3 1 1 38 -1
6 2 96 5 32 11 -1
7 89 3 1 5 -1
1 90 89 1 5 53 94 -1
31 16 61 9 76 11 1 -1
3 4 50 2 -1
20 42 1 10 18 -1
1 66 9 1 -1
26 9 76 -1
11 10 2 82 17 16 -1
53 12 1 -1
95 4 2 2 -1
57 6 14 1 2 -1
1 33 2 76 24 4 -1
2 95 17 12 5 -1
33 4 29 6 1 2 -1
1 42 1 17 17 -1
5 59 1 1 1 -1
14 1 18 71 4 -1
8 78 18 -1
1 1 5 97 14 1 -1
4 28 3 -1
14 1 52 35 38 5 -1
1 28 1 72 4 -1
90 3 1 -1
8 1 74 74 -1
20 1 11 -1
60 2 33 17 27 -1
35 28 85 12 3 96 -1
10 5 7 2 3 -1
38 31 1 9 2 -1
20 37 3 1 -1
47 2 1 2 11 2 -1
3 41 1 53 3 8 -1
1 75 9 38 9 6 -1
3 35 17 29 17 1 6 -1
78 10 1 5 -1
47 27 3 25 4 20 -1
43 2 12 7 1 5 -1
2 2 1 20 4 21 -1
1 8 3 -1
27 3 8 1 2 7 -1
8 47 1 10 2 11 3 -1
5 6 8 1 -1
2 23 51 3 33 -1
9 22 1 1 25 10 -1
93 7 25 38 2 -1
3 4 4 7 -1
1 6 44 94 87 3 -1
38 1 17 1 6 68 10 -1
33 32 1 4 -1
4 13 76 22 1 2 -1
1 1 5 -1
1 3 12 -1
21 1 1 -1
6 4 3 1 5 -1
10 1 18 54 -1
1 1 6 -1
1 4 30 -1
5 4 1 -1
1 38 9 3 -1
6 21 16 -1
29 4 27 55 61 1 18 -1
16 1 1 22 5 -1
30 35 8 1 -1
1 14 37 2 -1
19 1 11 80 1 4 -1
14 39 85 45 27 6 31 -1
21 89 3 9 -1
7 25 3 3 -1
4 36 42 41 4 -1
3 25 6 1 1 2 -1
3 23 35 12 13 -1
44 1 1 1 35 1 -1
3 1 40 -1
45 2 1 1 65 -1
10 15 1 5 9 29 -1
1 90 4 11 8 -1
9 6 1 -1
22 76 3 4 -1
1 4 12 23 8 -1
46 1 7 17 -1
1 7 48 24 -1
95 10 27 -1
7 78 1 -1
20 38 2 7 5 -1
22 16 1 92 -1
6 22 38 1 -1
12 18 2 9 4 27 -1
5 1 51 5 -1
1 2 60 2 -1
1 5 1 8 6 -1
1 7 88 -1
17 11 56 66 49 4 3 -1
1 2 22 38 -1
7 1 44 30 -1
7 93 3 4 5 2 -1
2 1 1 30 3 18 -1
26 1 3 3 2 -1
3 2 2 1 11 1 -1
5 1 26 54 1 -1
1 3 2 1 -1
1 13 22 38 27 -1
83 6 5 1 77 -1
1 1 8 30 -1
49 17 10 -1
1 2 1 -1
1 3 14 2 5 42 -1
3 66 3 5 2 -1
97 6 1 5 13 8 -1
1 30 1 23 -1
72 13 3 4 16 2 1 -1
1 1 64 23 2 1 -1
1 8 16 -1
1 73 41 1 3 10 3 -1
44 1 12 -1
5 20 57 9 5 -1
2 1 1 1 2 2 7 -1
4 22 3 12 3 23 15 -1
1 3 4 2 16 1 97 -1
4 3 17 3 28 1 3 -1
1 1 8 2 -1
49 60 98 5 13 15 3 -1
22 11 59 1 37 2 -1
20 14 8 30 5 63 1 -1
1 2 1 91 -1
1 39 2 -1
4 11 1 3 -1
28 5 20 7 26 -1
72 2 1 -1
5 3 3 2 14 5 1 -1
1 12 1 1 35 9 -1
2 9 11 -1
41 1 3 2 73 2 3 -1
1 43 4 16 3 -1
4 78 1 74 1 -1
21 15 13 30 6 -1
1 29 3 8 3 -1
14 40 22 66 1 -1
4 25 9 3 46 37 -1
23 3 24 1 1 24 -1
34 1 15 1 14 1 -1
4 2 2 11 76 1 14 -1
1 31 26 1 -1
21 21 2 -1
12 14 1 1 24 2 35 -1
15 73 77 2 33 -1
4 2 9 66 3 -1
20 4 3 1 -1
9 1 1 1 2 -1
20 4 12 24 3 1 -1
25 2 9 17 1 6 -1
27 33 13 1 -1
28 47 3 20 8 -1
1 87 2 9 1 -1
3 5 6 9 26 27 -1
1 14 24 43 6 1 -1
8 20 5 1 72 51 -1
67 4 1 11 2 1 -1
2 5 6 -1
1 56 2 69 24 1 -1
2 4 3 3 -1
96 3 3 -1
1 8 11 42 -1
11 5 14 50 1 1 16 -1
1 8 2 5 5 8 41 -1
7 53 19 22 1 -1
1 4 98 -1
4 83 1 -1
1 2 47 42 6 23 7 -1
2 1 1 15 -1
2 8 67 9 1 -1
1 3 8 36 46 1 9 -1
96 4 12 2 11 6 1 -1
7 1 8 10 -1
2 37 45 -1
1 21 2 1 2 28 1 -1
72 1 2 -1
15 63 65 -1
1 1 17 1 9 2 -1
2 1 94 -1
36 10 16 32 -1
13 1 13 57 25 1 -1
41 16 13 -1
74 7 2 20 23 1 32 -1
37 14 4 -1
1 17 97 1 9 -1
54 1 40 18 2 -1
1 9 1 1 43 51 6 -1
1 8 2 -1
14 3 1 2 87 56 88 -1
3 25 15 1 -1
14 57 11 50 1 29 1 -1
14 76 1 16 -1
1 32 11 1 2 1 1 -1
17 1 10 1 6 3 -1
3 13 28 1 16 2 -1
1 18 43 -1
25 1 40 -1
31 35 1 -1
4 2 2 77 19 25 39 -1
5 7 2 36 38 -1
3 2 5 38 6 -1
14 61 6 35 71 21 -1
54 24 2 20 3 3 25 -1
11 18 3 3 -1
21 40 6 13 2 -1
33 20 1 76 2 6 -1
1 26 5 -1
18 94 5 1 3 8 -1
1 1 3 -1
61 10 2 17 1 20 -1
18 1 6 65 -1
41 18 14 2 -1
86 70 15 1 -1
3 1 29 4 36 1 33 -1
46 49 2 60 -1
48 17 71 -1
22 49 8 17 -1
58 2 3 7 -1
18 1 62 1 56 -1
12 11 49 27 -1
3 8 1 40 -1
1 89 2 1 -1
14 8 74 5 2 5 6 -1
3 1 1 1 -1
1 18 25 22 13 99 6 -1
57 3 2 1 -1
17 75 1 2 30 31 4 -1
52 10 11 2 3 6 -1
6 1 2 3 13 37 1 -1
2 10 1 -1
75 19 2 15 12 2 -1
36 11 45 70 -1
2 62 54 -1
5 7 2 8 59 6 1 -1
1 6 8 91 3 3 -1
1 12 1 13 2 2 -1
9 16 4 -1
3 18 45 96 -1
2 82 1 42 17 -1
1 9 1 -1
1 56 55 58 18 -1
29 32 3 5 1 7 3 -1
50 3 8 11 94 28 -1
1 7 1 4 30 -1
48 24 1 2 11 5 -1
1 14 22 40 1 10 -1
1 2 22 -1
2 1 1 3 -1
3 14 44 8 -1
1 13 21 33 13 -1
46 13 16 9 -1
21 28 17 2 4 1 -1
1 19 19 -1
5 31 2 9 -1
97 11 37 -1
83 15 13 -1
6 1 1 6 1 8 4 -1
77 6 1 1 1 -1
10 14 3 -1
1 1 3 45 21 1 1 -1
30 11 49 7 1 80 1 -1
5 3 1 43 19 -1
3 2 7 5 14 10 -1
4 58 68 8 2 3 10 -1
14 1 3 96 51 -1
16 1 1 45 12 1 -1
93 12 2 1 19 -1
1 6 44 1 4 2 -1
5 4 9 2 1 2 -1
69 4 11 80 -1
6 1 12 -1
6 1 4 35 7 -1
3 63 76 38 1 4 7 -1
1 2 5 3 23 -1
3 46 2 3 2 -1
1 2 53 2 18 3 -1
1 53 74 2 2 14 14 -1
21 4 15 52 4 32 2 -1
1 3 1 9 -1
9 7 24 2 3 -1
1 25 8 -1
1 28 1 31 1 -1
48 1 3 13 -1
6 1 35 89 58 6 38 -1
2 14 4 4 -1
4 9 20 1 27 2 2 -1
27 7 1 9 11 1 -1
1 13 52 55 1 58 -1
1 7 1 -1
1 65 1 4 3 34 -1
8 2 80 -1
1 1 1 2 -1
2 69 2 1 1 46 -1
4 12 2 6 1 72 -1
3 4 7 -1
7 13 1 1 1 -1
11 1 26 12 13 93 48 -1
2 3 11 83 25 4 -1
2 7 9 -1
4 47 11 1 6 28 1 -1
3 2 1 59 56 -1
1 1 3 14 -1
1 5 12 -1
1 67 4 7 5 15 -1
1 4 1 34 -1
1 95 1 3 -1
12 44 4 1 1 1 -1
10 2 5 2 3 -1
7 17 7 1 -1
4 18 2 10 33 -1
1 4 18 30 1 1 -1
48 40 25 43 7 7 -1
1 3 32 1 4 33 25 -1
17 1 2 -1
11 2 11 2 13 -1
2 1 7 -1
27 2 55 -1
24 12 1 2 27 -1
60 94 20 1 3 -1
84 13 23 -1
3 1 1 -1
91 8 1 39 52 -1
1 41 1 39 72 13 12 -1
1 51 1 33 -1
1 1 2 -1
3 2 1 34 33 1 3 -1
2 4 3 3 4 24 -1
40 3 8 3 -1
37 4 69 1 84 33 -1
76 57 16 50 -1
31 34 1 47 30 1 39 -1
23 1 1 35 1 17 6 -1
1 2 42 1 27 7 24 -1
1 41 78 10 19 3 -1
3 3 8 -1
41 14 18 -1
15 1 15 2 64 1 -1
97 60 35 6 96 -1
16 5 87 87 -1
9 2 3 96 6 -1
5 10 7 1 8 1 2 -1
1 3 6 35 11 36 -1
5 1 20 -1
6 26 21 -1
3 61 1 45 24 2 8 -1
18 97 48 40 6 1 -1
1 49 3 1 -1
55 1 2 -1
94 1 44 -1
4 34 1 -1
41 1 17 1 40 -1
5 6 3 72 13 -1
53 78 3 3 1 8 11 -1
1 2 54 40 100 28 -1
62 1 1 6 1 -1
3 21 15 -1
28 23 1 71 -1
1 12 23 -1
5 44 4 2 46 57 -1
17 2 12 3 3 3 -1
1 2 29 4 -1
1 2 26 1 2 -1
1 1 27 16 3 -1
1 17 10 3 26 -1
62 23 50 5 78 3 1 -1
2 3 3 -1
82 61 2 1 99 1 3 -1
19 29 5 3 1 17 1 -1
52 47 2 11 -1
2 63 1 61 1 1 -1
7 93 9 1 31 7 -1
3 60 63 1 -1
77 68 57 21 30 -1
4 17 1 1 52 -1
33 12 25 11 26 6 -1
9 1 12 70 12 22 -1
1 20 6 1 6 1 -1
1 3 3 47 3 41 48 -1
10 71 48 1 -1
74 1 56 -1
2 29 2 1 19 -1
20 40 2 5 -1
85 2 70 4 9 -1
1 16 52 46 16 33 -1
1 52 5 -1
48 12 4 33 34 6 -1
6 58 2 67 1 1 4 -1
68 1 4 12 -1
13 1 31 -1
1 35 15 1 4 18 -1
84 2 5 2 1 1 -1
1 1 83 3 -1
4 5 4 -1
28 1 3 34 -1
66 6 11 76 1 1 -1
8 2 33 1 2 7 -1
6 12 12 56 18 6 7 -1
85 18 1 3 10 19 -1
1 1 12 36 21 3 27 -1
16 1 100 7 -1
14 2 7 8 -1
6 3 19 19 1 1 80 -1
3 1 5 -1
65 5 6 -1
8 2 12 4 3 7 4 -1
6 18 69 38 1 29 -1
14 1 2 31 4 1 -1
1 56 8 -1
14 2 2 4 7 3 11 -1
12 22 1 1 4 7 -1
14 54 4 94 49 -1
82 10 5 35 5 64 -1
2 10 46 10 11 -1
17 3 4 33 41 -1
3 35 9 3 -1
13 5 21 3 2 11 2 -1
48 32 9 1 1 27 -1
2 4 56 20 8 -1
2 9 3 1 12 30 -1
1 6 3 22 87 4 20 -1
66 12 2 -1
23 19 65 2 -1
1 10 1 -1
1 2 1 65 2 24 3 -1
56 1 25 6 14 20 11 -1
79 29 25 -1
1 31 33 1 -1
7 1 35 5 -1
5 85 6 2 4 -1
3 2 2 -1
1 12 9 15 -1
1 4 1 41 -1
3 19 36 95 13 3 18 -1
26 1 22 -1
17 2 1 -1
72 66 29 30 7 39 74 -1
1 55 81 1 6 4 1 -1
84 22 26 -1
50 29 20 16 12 -1
2 22 41 2 19 4 -1
95 85 16 81 -1
5 14 58 6 -1
84 20 7 6 -1
61 63 9 -1
20 42 2 1 10 4 50 -1
33 6 46 49 13 40 -1
2 1 11 -1
97 9 28 5 66 27 -1
1 8 68 1 -1
7 5 17 16 1 1 70 -1
2 2 1 2 5 18 -1
55 2 67 -1
1 13 6 1 37 4 -1
19 56 41 2 18 40 55 -1
1 6 22 11 -1
3 1 2 2 58 -1
21 2 5 -1
16 1 16 65 -1
33 82 30 12 6 -1
17 18 8 24 26 1 -1
8 1 9 1 10 -1
1 29 1 10 1 1 32 -1
1 3 60 22 1 -1
1 3 87 -1
64 87 1 5 37 -1
51 2 42 -1
88 68 9 1 -1
35 1 5 32 65 2 4 -1
6 1 9 48 -1
1 6 2 1 -1
14 2 3 46 14 -1
11 9 5 -1
1 9 5 3 22 1 1 -1
1 19 25 51 -1
1 21 8 4 40 -1
1 13 3 -1
22 11 1 -1
1 33 78 7 -1
5 66 1 47 17 11 -1
62 17 19 11 4 66 -1
2 85 1 3 3 3 88 -1
3 19 3 -1
37 41 75 2 29 1 16 -1
10 21 44 -1
17 2 29 1 18 -1
12 8 55 11 -1
57 2 1 14 1 2 2 -1
1 1 1 -1
7 8 5 -1
76 48 3 -1
1 50 92 13 1 27 -1
1 5 78 -1
13 41 57 58 4 1 44 -1
1 1 1 11 9 -1
1 1 1 6 8 7 -1
7 2 2 39 1 1 -1
32 2 1 16 73 -1
17 1 22 1 35 31 -1
72 27 4 1 -1
1 4 1 1 46 -1
19 30 11 1 -1
11 1 1 1 -1
6 43 1 6 -1
7 1 25 27 14 1 -1
57 41 1 -1
14 1 13 36 -1
45 8 2 34 9 -1
2 26 13 3 -1
1 11 38 2 75 -1
1 2 4 16 1 -1
1 24 73 89 -1
39 8 1 36 7 8 100 -1
1 26 3 22 49 1 1 -1
9 21 2 7 18 -1
5 15 4 3 -1
6 32 3 2 18 4 -1
41 9 4 -1
68 8 1 28 3 3 7 -1
23 2 2 -1
2 3 1 -1
4 1 39 97 16 -1
14 11 1 16 -1
2 1 17 30 1 10 48 -1
1 2 1 1 26 34 -1
23 27 43 1 -1
1 91 37 5 70 5 -1
26 5 1 1 1 1 -1
5 1 1 -1
7 33 4 13 1 16 -1
27 8 11 1 2 23 48 -1
17 66 30 -1
4 23 2 21 86 -1
3 29 10 2 35 -1
44 1 20 10 13 -1
1 5 1 6 -1
47 14 1 4 1 53 -1
63 78 15 29 1 4 6 -1
4 27 13 -1
2 1 14 43 3 -1
35 1 12 5 69 31 -1
1 24 18 -1
5 2 6 -1
1 9 3 -1
24 2 5 53 2 54 37 -1
8 9 1 2 27 15 1 -1
4 60 34 31 19 -1
13 70 94 1 4 68 53 -1
3 8 1 4 11 -1
13 5 1 67 44 34 -1
5 3 11 -1
1 1 1 9 -1
5 9 1 1 -1
1 1 13 19 1 7 16 -1
1 11 82 88 9 -1
9 5 3 1 1 3 -1
19 40 5 -1
22 1 1 35 2 -1
1 19 29 70 8 -1
7 2 68 35 1 -1
4 1 40 -1
3 33 6 4 -1
53 1 2 6 1 -1
24 38 12 -1
11 49 17 1 -1
1 17 3 21 -1
24 38 2 43 59 1 51 -1
3 27 53 -1
71 6 5 39 62 -1
7 39 54 -1
34 62 1 4 2 28 -1
57 80 14 20 74 85 6 -1
5 4 2 8 1 92 5 -1
1 62 3 4 4 5 -1
17 15 75 1 -1
92 1 23 60 1 40 1 -1
5 36 3 15 1 -1
1 4 1 1 -1
19 15 6 -1
6 4 2 1 71 16 34 -1
1 3 15 -1
2 12 2 18 28 -1
11 73 1 -1
1 4 6 -1
5 6 1 4 56 3 -1
3 1 25 2 -1
1 18 6 11 -1
12 4 1 11 1 -1
54 19 1 1 1 93 -1
4 34 8 38 1 -1
64 3 20 15 -1
1 1 30 49 91 2 56 -1
9 1 6 -1
2 1 1 6 -1
7 17 95 3 -1
20 12 21 1 32 62 -1
3 69 2 -1
12 1 96 3 8 1 34 -1
7 5 1 -1
48 2 3 2 42 1 1 -1
4 7 5 1 7 50 16 -1
90 15 1 3 11 98 19 -1
81 1 1 33 71 -1
3 77 8 89 -1
44 3 40 4 1 9 -1
26 10 50 22 -1
85 29 1 2 1 -1
56 1 61 -1
1 7 77 -1
24 1 57 34 -1
4 1 5 9 1 -1
12 16 1 35 45 -1
1 6 2 -1
27 71 2 1 35 -1
3 2 11 2 46 -1
7 54 5 -1
41 5 1 -1
4 4 3 -1
1 3 10 53 18 -1
5 1 1 43 12 18 13 -1
5 9 9 26 -1
9 2 6 15 -1
1 79 48 65 -1
50 29 1 -1
1 4 1 62 -1
15 12 1 14 7 1 36 -1
25 60 2 -1
4 58 2 17 24 -1
52 15 2 11 3 -1
14 3 4 -1
3 14 6 72 59 -1
8 26 1 13 4 1 -1
57 64 82 1 -1
33 9 3 12 2 -1
24 31 13 -1
16 1 7 -1
29 28 4 -1
50 49 14 27 14 1 2 -1
3 3 17 1 -1
98 1 5 38 4 -1
66 18 21 72 4 5 -1
18 3 4 2 1 -1
11 13 25 -1
90 1 1 1 1 -1
15 14 49 1 30 37 73 -1
23 32 10 1 -1
3 73 2 -1
3 2 32 42 18 37 -1
19 3 2 -1
5 4 1 -1
7 94 1 21 1 21 35 -1
1 30 28 85 3 87 -1
63 3 1 45 1 1 -1
3 1 49 7 23 26 33 -1
1 20 53 1 -1
1 1 1 16 2 -1
63 12 16 1 5 -1
36 29 5 38 5 2 3 -1
2 36 2 32 -1
68 2 64 11 26 17 54 -1
14 63 21 -1
11 1 11 2 1 -1
9 32 59 -1
2 8 25 -1
9 13 22 1 4 -1
41 1 1 9 -1
73 1 4 2 -1
10 42 13 4 11 1 -1
14 67 1 -1
1 11 55 3 28 62 1 -1
1 69 1 33 91 -1
3 27 11 -1
1 2 1 -1
1 21 3 1 5 4 2 -1
1 49 50 11 1 9 39 -1
9 3 97 -1
3 25 1 2 -1
88 1 58 -1
68 96 41 77 -1
7 29 4 1 1 43 1 -1
2 18 4 1 5 1 20 -1
1 5 1 3 -1
2 2 8 12 25 -1
6 4 1 -1
65 2 7 4 1 14 -1
1 97 41 17 -1
4 2 14 -1
19 2 43 -1
96 1 9 -1
8 2 11 7 -1
1 50 3 1 -1
87 3 22 93 1 -1
9 1 21 -1
69 3 8 5 3 4 -1
5 1 99 1 -1
1 60 1 -1
3 1 1 2 83 -1
8 1 1 -1
56 34 9 58 1 -1
21 73 6 10 1 -1
2 9 16 14 9 -1
15 29 16 2 4 46 1 -1
3 3 95 74 19 46 29 -1
4 34 6 -1
1 1 41 1 1 2 -1
2 1 4 21 -1
1 30 16 3 7 5 61 -1
1 9 2 4 2 51 3 -1
1 40 5 3 28 -1
2 7 2 1 5 -1
1 44 2 7 9 5 -1
5 62 58 46 69 -1
58 1 18 71 -1
1 1 50 2 1 63 -1
1 6 7 69 2 4 -1
46 87 1 13 49 -1
1 2 31 -1
15 73 1 73 -1
2 23 90 12 -1
98 1 3 4 3 2 -1
26 1 1 1 -1
99 30 1 1 -1
4 3 62 -1
25 1 31 47 -1
58 2 31 1 6 -1
1 5 3 30 2 1 2 -1
10 20 11 2 1 79 69 -1
9 7 29 1 13 -1
14 2 2 -1
5 2 9 -1
1 1 66 1 2 1 3 -1
20 14 1 10 -1
94 7 12 7 46 -1
15 1 2 -1
3 1 92 3 69 24 37 -1
11 1 1 2 52 -1
1 14 22 1 3 11 -1
1 32 52 15 -1
13 16 4 39 -1
2 6 19 7 11 4 -1
3 32 4 2 1 84 -1
1 11 3 13 -1
1 77 3 -1
74 45 81 65 3 -1
17 1 10 25 8 7 -1
1 40 2 4 -1
58 1 3 47 21 -1
25 7 16 91 9 99 -1
2 6 96 1 -1
8 7 93 -1
6 1 1 86 1 1 1 -1
76 1 11 24 1 98 1 -1
1 4 66 -1
24 31 46 17 -1
11 2 1 2 3 31 3 -1
2 16 14 6 1 31 -1
5 3 1 -1
86 1 22 5 79 2 -1
2 8 73 8 1 -1
13 17 1 6 48 -1
34 65 1 2 39 4 -1
3 1 37 1 -1
2 4 22 20 24 -1
33 4 11 2 23 -1
8 1 24 11 63 -1
7 86 63 3 -1
4 93 3 9 3 62 13 -1
4 75 95 3 32 31 -1
1 1 61 32 12 -1
14 85 10 5 4 35 1 -1
1 97 7 10 5 32 -1
10 1 71 -1
12 1 65 -1
3 4 3 2 3 6 7 -1
14 58 81 9 22 -1
2 13 20 1 2 90 -1
1 1 2 -1
25 1 69 4 10 -1
2 3 7 -1
15 68 3 7 1 1 70 -1
80 57 2 3 1 37 1 -1
1 1 21 1 10 2 10 -1
1 44 1 7 34 2 -1
1 1 24 1 -1
49 36 84 -1
2 45 1 35 73 -1
15 8 44 4 -1
34 11 25 2 -1
25 49 2 2 38 3 2 -1
11 31 2 78 -1
1 1 21 -1
4 16 4 4 -1
47 98 6 2 -1
2 42 1 -1
1 57 8 2 71 2 43 -1
8 79 24 1 26 2 -1
16 1 1 22 6 17 -1
30 34 73 2 64 1 2 -1
1 87 1 12 1 3 36 -1
1 9 1 -1
1 76 1 1 1 2 -1
5 6 5 2 26 -1
2 66 29 34 70 6 12 -1
27 1 6 99 2 69 -1
3 1 11 9 7 -1
2 28 56 1 3 -1
3 1 42 -1
3 8 62 3 3 -1
3 1 5 -1
57 1 12 6 -1
3 16 1 51 -1
18 53 5 1 4 58 -1
20 1 1 1 4 15 1 -1
3 16 10 1 -1
65 3 1 6 -1
32 2 1 5 51 -1
5 4 1 -1
1 4 80 13 -1
2 4 52 1 1 2 -1
1 14 12 4 3 -1
3 24 1 4 -1
40 1 53 3 3 4 -1
46 6 43 5 -1
36 21 1 16 6 2 11 -1
20 2 30 -1
1 2 3 1 11 2 -1
33 88 1 26 75 1 2 -1
46 1 8 1 36 1 88 -1
1 2 2 6 27 47 -1
45 19 3 16 62 9 74 -1
22 6 71 47 38 -1
14 11 62 -1
2 10 90 19 1 55 -1
42 36 1 40 11 44 1 -1
5 12 37 1 1 -1
1 2 2 -1
26 66 5 93 98 37 -1
1 51 5 1 2 2 1 -1
17 28 1 5 20 41 1 -1
1 6 64 -1
61 11 1 40 -1
38 1 71 36 22 -1
15 1 31 -1
14 30 39 -1
17 67 3 87 -1
53 3 9 45 -1
2 1 2 5 4 -1
49 52 1 -1
22 70 41 -1
5 8 94 76 1 1 -1
5 2 12 -1
23 45 1 7 -1
33 81 6 -1
1 37 1 4 83 -1
1 2 11 91 1 67 4 -1
7 1 16 10 8 21 21 -1
16 59 1 1 4 -1
1 1 20 -1
3 23 75 14 14 -1
32 6 8 -1
7 60 1 1 -1
5 14 34 24 32 4 33 -1
8 2 1 -1
5 11 1 7 22 85 -1
2 2 39 61 21 -1
16 10 47 -1
1 53 4 1 -1
1 1 53 18 -1
2 2 1 19 16 19 5 -1
7 11 1 65 3 35 -1
13 1 48 -1
2 31 21 29 -1
65 18 6 4 -1
11 93 1 15 11 -1
27 6 24 7 -1
9 98 8 8 11 25 20 -1
3 19 1 42 22 63 -1
5 13 16 2 -1
3 26 1 1 2 13 -1
41 4 15 57 2 20 -1
4 1 1 2 6 17 40 -1
27 59 32 5 -1
85 84 53 2 95 75 95 -1
1 7 1 1 -1
1 6 1 32 19 3 -1
32 7 13 1 29 5 -1
32 22 10 1 28 1 -1
1 6 3 27 -1
8 97 4 15 26 29 -1
91 1 4 1 1 66 -1
7 6 2 1 1 50 69 -1
18 6 13 28 -1
12 6 2 98 87 -1
94 72 3 23 1 3 12 -1
12 93 1 11 2 3 1 -1
44 12 35 12 14 1 -1
5 1 1 -1
77 1 24 5 63 5 78 -1
29 41 46 2 2 13 24 -1
2 12 6 1 -1
1 33 1 -1
5 5 1 1 5 3 -1
1 11 10 92 34 66 -1
3 35 8 2 17 -1
16 1 7 2 7 2 -1
11 7 46 -1
4 13 4 5 -1
7 63 65 39 87 56 74 -1
33 79 7 4 9 -1
1 3 4 -1
55 97 2 -1
36 1 13 1 1 -1
4 10 6 13 2 5 2 -1
2 40 3 -1
1 8 1 1 9 14 -1
1 33 7 -1
11 24 10 61 -1
13 12 22 26 14 21 -1
31 2 4 81 2 53 -1
6 2 90 52 -1
2 4 2 -1
2 28 2 -1
4 2 26 1 4 1 -1
2 13 9 26 92 4 9 -1
1 5 5 22 3 1 -1
4 4 62 7 7 56 -1
2 1 3 -1
10 14 46 2 3 2 -1
5 1 33 -1
5 4 3 3 37 93 -1
27 78 4 -1
5 24 5 7 59 13 -1
17 1 1 12 12 10 -1
3 15 2 2 82 39 1 -1
1 11 5 7 7 2 2 -1
38 1 10 3 19 -1
100 3 20 -1
1 5 14 2 4 2 8 -1
7 1 2 -1
59 1 32 70 7 98 1 -1
13 1 3 100 39 -1
2 28 2 12 46 13 -1
2 18 1 35 1 43 1 -1
5 2 2 59 1 1 -1
100 48 32 2 1 13 73 -1
43 71 1 14 6 -1
44 99 76 -1
83 73 17 12 1 1 -1
2 18 1 38 -1
29 45 21 1 -1
8 42 3 -1
1 1 1 64 -1
18 1 7 -1
15 1 1 -1
9 6 13 -1
2 42 8 38 -1
12 10 2 9 -1
3 2 17 5 1 -1
78 28 7 5 5 -1
2 19 4 1 1 3 -1
8 3 8 20 2 1 -1
1 12 1 1 -1
27 1 40 1 9 30 1 -1
65 3 62 81 39 6 -1
1 2 19 43 1 -1
7 3 63 14 2 41 -1
2 3 3 2 -1
13 43 20 5 90 -1
13 46 1 1 11 2 -1
85 7 1 13 1 -1
60 45 3 -1
3 30 1 1 -1
1 51 3 7 3 86 -1
52 2 84 86 14 3 -1
1 1 13 18 -1
4 64 4 20 7 -1
2 16 74 -1
17 22 80 5 1 -1
2 3 4 5 20 7 31 -1
1 18 2 14 82 -1
2 9 49 11 -1
15 1 12 1 2 -1
6 12 21 7 1 64 1 -1
11 1 6 50 -1
4 1 4 2 63 1 -1
3 2 74 1 1 1 1 -1
3 1 10 1 3 1 22 -1
3 4 70 2 7 4 11 -1
16 5 3 7 8 -1
2 6 1 13 5 5 -1
4 3 13 2 2 -1
1 11 4 58 -1
98 3 2 16 -1
19 63 16 -1
5 13 2 5 10 -1
2 1 47 3 12 -1
1 42 2 28 -1
9 36 43 6 2 10 -1
98 4 27 4 98 22 32 -1
9 32 35 10 10 28 1 -1
43 1 1 -1
1 4 74 85 6 6 7 -1
1 55 78 15 12 1 1 -1
1 16 53 1 52 23 2 -1
11 9 2 4 1 4 -1
26 36 3 -1
16 2 2 4 33 -1
4 81 1 8 -1
1 7 4 -1
2 1 1 1 44 3 -1
28 3 3 17 8 2 69 -1
18 4 2 -1
21 99 2 -1
8 2 2 43 6 1 -1
2 2 10 10 25 1 71 -1
5 83 5 3 -1
9 23 4 1 1 1 1 -1
11 7 29 1 7 3 18 -1
3 2 1 -1
73 4 8 43 9 -1
1 16 3 14 -1
49 16 1 4 2 2 2 -1
3 8 1 1 1 45 1 -1
7 36 1 -1
46 8 3 4 -1
1 4 100 8 3 -1
3 7 47 -1
2 12 8 -1
69 1 1 7 -1
2 4 3 5 69 9 -1
1 43 42 20 -1
16 2 76 32 10 12 -1
30 32 12 -1
2 1 3 3 -1
3 18 5 10 14 -1
1 33 26 7 -1
6 16 63 81 1 20 4 -1
1 2 2 2 1 75 10 -1
4 22 10 57 14 -1
3 9 4 -1
2 5 55 70 24 61 13 -1
15 98 2 -1
2 35 59 6 1 3 99 -1
37 7 56 83 14 -1
2 10 94 7 10 -1
15 3 42 -1
1 10 5 69 44 -1
56 71 1 1 -1
2 4 1 74 2 20 16 -1
2 1 6 -1
4 1 1 11 23 36 1 -1
71 1 1 16 20 1 1 -1
21 5 2 -1
49 1 55 10 1 -1
50 2 4 -1
33 9 9 3 -1
10 20 56 -1
44 31 3 -1
3 35 1 47 -1
2 40 2 23 -1
6 5 27 10 2 31 -1
78 1 14 6 -1
1 8 20 -1
17 3 18 -1
2 65 43 69 1 1 -1
4 96 68 17 1 2 1 -1
84 14 8 1 -1
1 1 28 33 1 -1
66 6 3 4 3 4 -1
1 1 4 1 34 -1
4 2 3 32 46 1 14 -1
95 43 41 78 1 3 -1
84 81 8 86 14 42 43 -1
13 15 1 2 1 12 72 -1
17 2 34 -1
10 1 4 21 67 2 7 -1
1 1 20 17 6 1 1 -1
65 17 43 92 -1
2 6 11 19 3 2 -1
97 4 19 7 15 1 -1
21 8 1 15 -1
34 5 4 1 45 17 -1
10 8 46 3 1 56 25 -1
11 16 2 -1
1 87 2 2 4 1 -1
1 13 23 8 3 -1
23 11 8 -1
47 2 1 96 -1
91 2 2 6 13 8 -1
4 11 88 1 36 55 -1
73 1 51 -1
26 3 2 51 31 -1
37 5 2 56 9 -1
81 1 55 20 34 -1
78 1 18 21 -1
15 3 9 -1
34 1 3 4 35 -1
2 9 29 3 1 76 1 -1
11 4 7 2 2 65 3 -1
11 2 32 13 2 2 -1
94 4 3 11 7 -1
19 20 4 6 13 2 -1
1 5 4 3 2 -1
92 74 47 -1
9 1 16 38 1 31 5 -1
51 1 2 71 3 3 83 -1
8 3 8 79 53 24 -1
1 8 1 19 -1
6 68 10 10 7 -1
1 51 22 -1
11 4 1 -1
7 14 64 28 5 -1
1 1 94 17 -1
54 30 49 20 2 77 -1
40 3 1 1 1 2 1 -1
1 63 1 19 17 -1
26 6 35 1 13 -1
1 9 1 10 12 -1
1 16 22 65 -1
6 10 1 24 3 -1
23 27 7 7 2 1 -1
1 68 1 -1
7 2 1 13 1 -1
4 5 8 -1
76 1 9 -1
51 9 2 69 2 -1
1 6 4 86 8 1 3 -1
2 2 3 2 51 42 -1
21 1 14 23 -1
1 19 7 1 2 31 -1
20 26 2 -1
43 10 22 11 20 -1
7 43 7 3 2 29 -1
29 6 2 -1
34 26 1 -1
3 1 14 13 3 81 -1
1 1 4 4 1 -1
22 10 5 2 1 2 91 -1
80 19 4 3 1 -1
9 6 75 58 19 36 -1
1 50 16 10 9 4 2 -1
8 48 2 