1 1 28 6 -1
9 2 1 -1
19 19 72 4 8 42 -1
1 1 9 -1
18 1 4 1 -1
5 20 12 70 45 9 -1
1 17 5 -1
21 63 29 2 1 -1
26 3 15 28 96 4 -1
2 92 24 28 16 -1
1 15 55 2 -1
5 30 7 2 2 -1
4 1 7 59 63 1 61 -1
8 8 3 94 7 2 1 -1
77 1 8 4 2 64 -1
9 6 74 1 -1
29 31 41 -1
1 1 20 -1
51 15 26 -1
24 100 56 2 3 -1
3 8 12 45 5 44 -1
2 5 9 6 2 1 -1
1 11 36 1 9 -1
7 80 27 10 57 -1
14 44 1 2 23 1 1 -1
2 1 5 -1
1 22 73 2 -1
1 3 56 17 1 -1
19 4 4 -1
7 1 12 45 12 -1
80 10 1 92 -1
5 1 11 2 7 6 82 -1
1 2 3 15 1 -1
16 14 36 2 7 4 2 -1
1 60 5 1 77 -1
5 1 56 1 1 1 4 -1
2 1 33 6 3 6 -1
37 71 16 2 19 63 2 -1
49 6 8 13 39 28 -1
6 78 15 5 40 -1
20 21 94 79 46 3 -1
9 8 1 5 11 -1
53 5 25 51 23 36 -1
22 26 1 56 -1
9 6 1 23 7 18 -1
19 2 65 -1
50 57 9 1 -1
6 95 2 6 -1
3 8 54 5 -1
6 37 4 2 100 1 15 -1
14 1 1 31 -1
24 3 5 -1
19 19 2 43 22 41 1 -1
1 30 15 2 2 1 -1
4 78 77 4 -1
2 20 2 32 33 -1
5 2 2 1 1 -1
92 2 39 -1
1 4 13 1 41 -1
1 94 2 -1
2 1 2 15 21 35 -1
21 28 18 15 1 -1
12 2 3 -1
21 1 29 9 -1
10 12 3 22 1 1 -1
7 49 38 10 26 -1
3 1 9 3 12 -1
8 5 2 4 4 6 7 -1
4 2 1 4 2 18 19 -1
8 25 24 75 6 74 3 -1
6 8 17 5 13 94 -1
1 18 3 9 -1
8 41 1 2 16 -1
10 66 2 86 2 45 -1
21 6 39 1 -1
1 22 22 5 12 28 96 -1
21 2 28 1 1 7 1 -1
1 61 33 27 -1
5 1 12 8 1 9 4 -1
2 4 15 17 22 9 2 -1
39 4 20 -1
3 1 1 8 31 -1
2 1 1 1 -1
24 3 1 7 6 8 -1
6 1 2 42 21 11 19 -1
3 1 94 9 1 -1
48 1 4 7 -1
11 26 19 9 1 -1
1 88 1 3 -1
14 13 1 10 -1
79 4 43 88 -1
2 2 5 38 59 2 -1
29 21 6 -1
2 18 1 2 -1
1 10 1 -1
1 13 5 1 20 4 43 -1
1 88 1 1 7 -1
30 71 2 4 30 -1
8 27 18 19 28 -1
1 2 2 10 -1
17 14 4 2 2 17 -1
1 27 1 1 17 -1
1 77 7 -1
14 64 1 12 24 -1
7 1 6 8 31 1 6 -1
89 6 3 6 27 -1
2 1 4 74 84 2 1 -1
1 9 1 8 1 44 4 -1
5 3 23 11 -1
52 29 43 -1
21 4 72 -1
13 4 9 6 5 2 -1
1 5 7 3 1 2 -1
36 9 18 50 -1
2 23 2 4 1 6 2 -1
35 7 1 2 18 5 1 -1
83 1 35 76 1 -1
13 1 3 3 -1
8 41 43 -1
24 3 36 15 1 1 -1
1 30 1 8 -1
70 2 2 1 21 22 -1
7 2 23 -1
4 2 2 5 6 49 -1
89 6 1 8 1 28 -1
12 40 3 2 9 5 -1
5 94 85 46 51 3 1 -1
99 15 6 71 20 -1
39 9 11 1 76 -1
40 1 1 3 1 1 -1
8 1 10 48 8 19 26 -1
21 1 1 18 -1
3 1 1 67 2 4 12 -1
1 1 20 29 -1
23 1 12 68 70 5 -1
8 42 66 13 -1
24 8 7 1 -1
89 11 2 9 -1
21 18 1 10 13 18 -1
7 11 12 6 1 8 -1
25 1 1 8 3 1 2 -1
1 4 10 12 13 72 31 -1
8 7 16 21 -1
5 7 7 -1
22 9 2 13 2 -1
22 9 73 -1
2 5 12 33 66 -1
19 40 9 2 1 60 -1
2 16 1 72 2 48 -1
2 79 8 1 -1
5 21 5 1 30 1 -1
6 3 3 -1
29 3 3 -1
1 11 7 2 -1
1 88 50 7 4 37 1 -1
1 1 1 6 4 -1
55 5 5 16 3 -1
1 38 59 -1
66 60 30 1 11 -1
1 36 8 49 -1
2 51 12 4 -1
38 9 74 5 11 27 -1
54 3 1 27 23 54 -1
1 22 54 4 -1
1 1 5 -1
1 19 10 38 53 30 -1
15 59 53 7 1 4 4 -1
20 1 1 1 -1
7 22 2 4 -1
89 15 19 -1
63 4 48 35 5 1 -1
7 7 6 -1
7 26 71 3 1 1 -1
1 87 5 2 83 -1
42 2 1 2 3 11 6 -1
12 5 4 4 -1
13 5 1 18 98 -1
21 5 46 -1
39 34 4 -1
1 7 15 16 16 35 -1
4 4 4 3 -1
21 1 3 -1
18 47 3 1 13 -1
1 67 4 8 -1
3 2 3 42 -1
1 15 1 6 4 1 -1
28 18 1 35 10 2 -1
5 3 8 23 44 2 6 -1
4 1 1 -1
2 11 42 -1
5 44 3 1 -1
4 71 12 -1
4 6 15 75 -1
5 1 6 -1
12 27 50 -1
1 1 18 42 11 17 -1
92 1 67 -1
2 85 8 -1
2 23 12 43 43 17 -1
25 16 3 9 18 3 -1
51 6 66 2 -1
78 1 5 43 83 3 -1
9 9 39 70 17 2 -1
74 12 1 2 56 2 1 -1
43 13 14 44 18 4 -1
52 18 1 -1
1 19 15 -1
6 11 1 3 -1
47 4 17 11 1 -1
27 2 6 1 -1
1 59 97 12 -1
1 20 7 -1
11 59 5 20 2 7 2 -1
76 2 79 7 1 82 48 -1
2 1 33 1 -1
82 16 11 1 -1
1 40 8 17 8 9 1 -1
61 18 2 -1
4 4 42 -1
2 1 25 -1
16 2 46 -1
1 1 1 -1
4 32 23 18 11 -1
3 1 3 1 2 -1
18 5 56 11 3 5 21 -1
43 34 46 2 2 -1
1 9 1 100 27 1 1 -1
5 31 2 5 -1
1 70 1 2 -1
7 34 2 2 -1
2 4 2 69 30 14 -1
11 4 62 2 1 34 21 -1
1 27 1 58 17 3 4 -1
2 3 1 64 33 -1
4 25 42 53 1 -1
3 74 4 3 1 11 32 -1
45 7 39 -1
16 5 3 3 -1
2 66 14 27 1 32 2 -1
13 47 3 13 1 4 1 -1
2 1 2 28 1 -1
6 83 2 2 20 1 47 -1
1 1 37 75 -1
1 1 42 -1
1 36 2 4 13 17 -1
1 94 38 5 -1
1 1 88 50 18 -1
43 2 23 -1
12 2 2 1 6 5 -1
71 1 8 4 48 34 13 -1
3 14 17 16 2 1 -1
94 2 16 10 4 -1
1 6 1 12 9 7 56 -1
1 4 1 3 44 64 41 -1
86 38 35 -1
44 6 16 21 39 6 2 -1
4 70 6 4 8 -1
2 60 93 1 6 20 -1
2 5 26 1 3 1 -1
38 2 23 5 -1
33 24 11 15 35 1 -1
15 3 6 7 9 -1
3 48 1 4 -1
4 45 1 6 30 3 82 -1
100 100 26 3 35 2 -1
13 9 2 2 11 8 27 -1
13 95 35 10 1 1 8 -1
2 11 3 19 1 45 -1
53 3 1 27 17 -1
5 12 10 7 14 68 -1
14 2 1 14 3 1 1 -1
13 5 11 25 4 -1
4 4 1 12 5 -1
1 3 20 10 -1
52 9 88 1 -1
7 1 97 10 -1
21 1 7 -1
1 6 66 5 48 99 10 -1
1 45 1 -1
18 17 87 -1
6 1 1 2 87 -1
12 47 1 -1
68 77 6 2 6 -1
5 50 2 4 29 38 -1
18 24 19 3 1 20 67 -1
1 1 1 -1
1 2 18 19 8 3 -1
6 3 1 51 6 1 17 -1
74 55 17 2 1 1 -1
1 1 4 -1
10 83 2 1 1 56 -1
56 64 10 1 7 -1
38 72 12 -1
10 6 28 -1
3 1 8 4 41 85 -1
1 3 6 57 45 2 25 -1
44 5 22 5 -1
9 9 1 -1
5 32 2 3 -1
1 28 14 16 3 -1
1 1 6 9 -1
1 68 5 1 1 11 -1
93 1 3 -1
3 4 1 -1
3 4 16 13 1 3 -1
1 9 7 -1
2 2 5 17 3 -1
1 87 1 3 -1
80 3 1 93 -1
1 1 82 -1
33 2 1 -1
2 5 2 2 10 55 -1
47 18 10 29 60 47 29 -1
2 100 2 4 3 27 -1
96 30 5 16 -1
6 1 1 49 -1
8 70 59 3 15 -1
88 9 42 1 1 -1
88 30 51 1 8 4 86 -1
2 2 12 59 -1
10 1 32 31 22 1 55 -1
1 98 2 7 20 27 75 -1
20 64 1 -1
39 2 7 63 22 4 -1
1 61 2 -1
10 4 2 37 2 17 3 -1
8 6 13 -1
18 1 39 4 9 -1
86 27 34 29 -1
6 5 2 21 2 17 5 -1
2 3 3 20 -1
79 32 61 1 88 1 -1
5 1 35 1 -1
13 67 1 9 1 -1
10 4 7 4 5 10 -1
74 21 12 1 2 4 27 -1
11 10 2 1 1 4 -1
37 2 1 5 -1
16 9 1 6 4 1 7 -1
1 2 5 3 97 57 -1
3 5 36 92 3 11 -1
10 1 8 7 25 1 -1
2 1 4 -1
4 2 1 48 2 58 -1
34 83 2 2 10 23 -1
8 7 3 48 5 1 65 -1
81 11 99 4 12 37 5 -1
1 10 1 -1
11 86 19 2 10 -1
42 3 3 90 93 12 3 -1
8 1 37 19 12 2 2 -1
1 2 2 34 -1
52 34 1 1 2 29 -1
8 4 51 3 12 -1
32 94 79 40 -1
32 20 44 15 30 -1
4 12 5 -1
36 7 20 38 -1
10 3 12 7 -1
59 5 2 6 1 17 -1
1 10 19 18 27 17 -1
92 2 33 1 1 -1
1 69 2 32 -1
2 2 26 -1
3 7 63 67 57 -1
2 28 19 6 7 2 8 -1
59 43 81 87 66 1 2 -1
4 31 31 31 6 5 -1
15 16 26 41 2 -1
32 1 1 33 96 1 5 -1
44 15 75 -1
5 76 35 -1
4 2 41 1 2 1 49 -1
1 79 40 -1
51 8 27 100 5 -1
2 5 1 4 1 2 4 -1
40 60 84 -1
39 5 39 24 6 -1
5 12 13 18 94 26 1 -1
14 1 59 -1
19 3 2 -1
6 19 2 -1
1 22 13 20 1 54 -1
2 2 25 33 81 -1
23 26 2 2 1 44 29 -1
2 5 2 19 43 1 14 -1
15 6 1 24 1 5 -1
9 1 16 5 1 2 -1
3 15 4 9 -1
30 1 29 1 1 6 43 -1
3 4 47 33 -1
2 39 22 59 51 -1
5 1 10 9 3 24 87 -1
2 1 2 36 40 4 -1
51 13 1 28 7 -1
90 4 25 1 -1
54 3 19 1 2 62 1 -1
12 75 41 11 -1
2 1 11 16 1 1 3 -1
11 4 2 1 28 1 2 -1
31 4 3 4 85 -1
14 21 3 1 8 11 -1
21 20 37 6 26 1 3 -1
1 6 37 71 10 -1
11 11 94 25 1 -1
8 6 7 9 -1
12 1 24 -1
9 3 12 1 -1
63 29 8 5 6 1 20 -1
1 20 1 2 76 27 -1
40 2 3 17 43 5 6 -1
5 1 4 16 8 2 -1
26 20 8 4 8 1 -1
5 38 1 9 -1
1 25 15 10 8 -1
22 8 24 89 -1
22 76 4 15 1 7 -1
3 20 21 46 -1
7 36 1 6 2 1 9 -1
52 3 6 19 1 12 -1
4 40 5 -1
1 45 1 68 48 40 1 -1
88 2 26 1 41 32 1 -1
35 13 1 10 15 1 -1
3 11 3 -1
16 38 26 26 20 1 -1
28 3 1 1 11 55 -1
2 14 2 -1
53 1 4 12 36 4 -1
16 35 1 -1
91 12 82 3 50 2 -1
7 1 51 23 -1
1 1 34 -1
1 1 2 19 1 16 -1
3 2 3 1 -1
91 2 17 2 -1
70 1 33 2 16 -1
4 1 26 2 9 1 -1
2 7 72 85 -1
12 55 3 51 1 -1
1 3 2 8 39 2 -1
9 1 1 16 58 7 -1
2 1 3 1 20 1 -1
1 4 2 3 11 4 -1
3 50 3 66 3 -1
27 17 34 71 8 35 -1
37 3 11 3 1 1 -1
20 2 5 8 3 9 -1
92 13 1 91 -1
9 16 15 1 2 1 -1
6 69 1 -1
4 52 2 28 -1
36 51 40 3 11 -1
13 1 37 1 5 -1
27 3 17 8 8 -1
59 1 6 2 5 6 79 -1
81 7 1 20 8 62 12 -1
4 27 91 3 4 83 -1
41 1 1 1 33 -1
35 32 4 -1
3 1 2 -1
1 1 1 22 23 1 11 -1
70 12 12 98 11 1 2 -1
4 2 2 38 92 -1
2 1 1 16 11 17 -1
9 3 66 -1
54 1 1 47 -1
7 80 1 -1
12 1 5 1 -1
4 1 17 -1
5 18 2 7 11 32 1 -1
2 1 15 13 7 1 1 -1
3 33 65 -1
5 70 2 -1
2 5 36 -1
1 12 12 38 19 8 40 -1
17 10 4 28 2 -1
1 10 11 -1
21 13 2 30 1 4 1 -1
1 1 1 35 3 -1
2 44 2 -1
1 8 2 -1
3 2 1 -1
8 1 91 -1
40 62 20 3 -1
2 18 1 2 21 1 -1
1 1 1 -1
1 2 45 -1
48 3 4 7 2 18 -1
20 1 29 -1
2 1 55 -1
2 23 1 1 -1
53 16 1 -1
11 72 71 55 4 3 9 -1
1 84 1 24 93 1 -1
16 17 73 1 32 1 6 -1
7 1 7 -1
3 4 4 15 24 72 31 -1
1 50 8 5 4 17 9 -1
14 4 7 73 30 30 -1
2 32 1 17 11 -1
63 3 1 1 7 23 -1
1 28 14 1 13 20 -1
7 98 30 11 31 1 3 -1
6 82 5 1 2 4 43 -1
12 1 11 -1
39 1 6 -1
31 4 5 3 3 63 3 -1
8 14 1 2 74 92 -1
8 60 7 1 -1
2 100 61 1 -1
1 1 61 1 9 73 3 -1
3 4 1 82 6 17 6 -1
12 77 8 8 -1
4 20 9 5 1 36 1 -1
81 11 20 16 1 39 1 -1
15 8 1 4 27 -1
17 18 1 26 13 -1
70 2 1 11 4 85 1 -1
38 2 61 -1
10 1 7 96 -1
21 1 38 7 -1
1 2 1 5 1 1 87 -1
5 12 65 3 1 36 -1
13 2 5 2 6 -1
2 4 16 94 12 -1
2 5 20 2 -1
2 79 1 4 -1
7 1 20 2 -1
2 1 11 19 23 -1
23 33 2 -1
4 99 1 2 1 1 -1
42 1 2 14 12 -1
3 79 4 7 -1
1 2 8 11 49 -1
3 79 1 -1
49 2 62 -1
2 78 2 60 -1
1 4 8 1 5 3 -1
2 12 41 70 -1
72 52 1 65 -1
8 47 1 1 15 -1
1 22 15 51 50 2 13 -1
1 9 81 4 -1
71 10 83 3 25 -1
11 6 1 1 -1
31 10 10 -1
3 1 7 29 -1
87 7 42 33 -1
1 1 4 48 4 25 -1
16 3 3 2 1 -1
38 3 1 63 2 8 2 -1
8 2 1 1 8 -1
91 8 9 3 -1
4 3 2 13 6 98 7 -1
51 71 40 -1
6 1 2 22 1 81 50 -1
13 72 39 66 -1
77 1 4 -1
1 2 2 2 9 -1
2 1 1 -1
1 1 14 2 1 1 13 -1
10 4 12 6 20 -1
25 3 1 -1
59 1 15 85 13 1 -1
15 1 69 58 1 -1
13 20 1 13 -1
2 37 1 3 1 -1
1 7 38 19 7 1 9 -1
62 5 2 6 2 38 -1
2 3 17 2 2 3 -1
1 4 1 53 -1
49 2 20 7 2 -1
8 76 1 2 11 2 1 -1
60 46 13 1 41 -1
2 1 47 -1
57 16 16 1 50 2 -1
1 2 49 6 8 12 -1
7 28 1 2 -1
1 51 10 41 88 8 20 -1
14 20 1 -1
2 1 5 97 2 -1
1 5 1 1 3 5 -1
19 6 3 15 4 29 -1
7 5 16 11 1 5 6 -1
13 14 7 87 2 -1
1 8 5 90 96 -1
5 39 18 9 2 3 -1
32 73 2 -1
1 1 3 -1
25 3 7 95 30 -1
6 1 17 17 1 1 -1
2 32 9 6 9 -1
1 17 12 1 -1
43 64 13 22 -1
2 1 7 4 21 -1
45 5 2 60 2 1 30 -1
68 38 10 -1
10 7 1 9 33 -1
12 65 1 1 -1
23 8 5 1 1 -1
1 1 1 89 4 2 1 -1
4 5 40 74 -1
3 9 3 59 -1
16 9 4 2 -1
1 64 1 -1
2 13 2 11 -1
1 5 1 15 32 21 -1
1 2 9 42 6 16 84 -1
25 63 3 11 84 83 12 -1
16 1 7 10 27 -1
3 4 7 -1
6 3 69 -1
1 3 28 92 5 -1
1 1 51 -1
6 7 5 3 -1
18 1 10 3 5 -1
33 7 9 3 -1
10 50 4 -1
3 1 50 94 1 2 1 -1
11 51 14 1 36 63 90 -1
29 2 46 -1
1 98 18 3 31 2 -1
10 10 3 -1
1 10 2 -1
4 70 1 -1
7 1 4 11 28 -1
4 19 1 6 -1
68 10 68 24 18 21 1 -1
33 2 48 1 34 1 6 -1
28 8 1 8 13 1 -1
2 5 1 72 -1
69 32 5 7 1 1 14 -1
76 1 22 -1
5 8 5 -1
1 2 4 2 -1
4 51 1 7 -1
1 1 80 2 4 -1
2 13 94 2 11 6 -1
1 4 1 29 3 1 6 -1
20 83 2 -1
16 1 61 38 46 2 1 -1
11 6 2 8 6 60 -1
1 4 64 9 -1
15 1 89 1 -1
4 9 46 6 -1
82 6 48 1 51 45 -1
1 1 4 1 15 -1
17 27 15 2 13 7 -1
1 1 28 7 61 -1
3 52 85 1 -1
11 1 23 -1
6 31 52 25 22 -1
5 40 38 44 9 4 12 -1
6 26 26 -1
2 81 26 -1
20 5 5 -1
45 1 1 -1
57 20 5 2 50 -1
2 21 17 5 1 14 -1
7 3 1 8 5 -1
5 7 34 3 47 1 -1
1 4 10 13 -1
40 5 4 -1
5 35 1 7 7 7 11 -1
1 1 3 -1
4 2 15 75 2 5 1 -1
13 12 50 56 35 39 1 -1
35 1 1 5 2 -1
1 3 31 13 -1
2 86 10 56 10 -1
29 15 2 2 5 7 1 -1
27 5 68 32 -1
1 31 41 1 -1
81 39 1 10 -1
1 1 9 -1
2 1 11 90 -1
16 1 65 1 29 -1
51 8 5 80 1 32 35 -1
79 1 10 2 63 -1
30 5 1 -1
6 5 25 16 34 18 14 -1
3 10 93 -1
20 2 27 1 12 4 41 -1
1 2 18 60 14 3 -1
23 3 31 6 1 1 -1
2 40 47 2 -1
33 52 19 34 27 2 32 -1
11 31 66 92 90 -1
64 38 21 50 5 63 1 -1
15 7 42 2 11 8 32 -1
1 9 2 15 37 -1
1 37 5 9 18 8 -1
4 77 8 3 -1
14 68 77 7 5 -1
9 1 1 -1
23 2 1 29 33 -1
45 6 20 2 -1
3 6 11 36 66 1 -1
11 97 1 4 16 3 5 -1
2 5 38 -1
16 5 1 2 2 -1
4 3 8 1 3 2 43 -1
35 9 6 4 93 1 1 -1
1 1 2 56 10 -1
28 60 2 60 1 2 27 -1
38 38 42 1 5 70 -1
26 30 2 3 12 11 -1
51 2 19 -1
12 6 97 1 20 -1
11 36 5 2 6 6 5 -1
34 3 1 65 18 1 -1
32 1 3 79 9 4 -1
1 67 4 25 1 -1
10 93 50 84 1 -1
1 50 4 2 -1
37 66 1 10 2 2 61 -1
35 2 3 1 -1
2 4 71 31 1 2 9 -1
3 13 19 6 7 10 2 -1
31 13 6 63 11 -1
2 3 30 1 34 9 -1
1 44 34 -1
10 35 2 53 55 3 41 -1
6 13 56 55 -1
51 8 62 2 32 31 29 -1
1 83 3 2 21 30 98 -1
42 13 9 1 8 -1
4 4 2 3 -1
95 93 1 -1
6 39 11 49 -1
75 62 2 3 -1
99 1 1 1 -1
67 1 49 18 24 -1
21 1 96 6 3 1 -1
49 1 1 56 6 3 -1
90 1 7 3 18 -1
25 5 1 75 14 1 86 -1
1 9 32 2 -1
9 72 2 -1
41 1 1 8 -1
11 1 8 6 6 -1
1 1 13 12 8 -1
4 18 4 -1
9 1 22 8 55 -1
59 61 8 3 1 65 -1
1 10 2 -1
98 2 29 94 -1
3 13 47 -1
2 2 30 73 1 77 65 -1
1 6 16 2 6 -1
44 24 8 2 2 7 -1
19 42 100 77 -1
5 12 7 12 18 1 15 -1
20 3 27 21 49 -1
3 26 2 2 -1
17 3 15 1 1 7 16 -1
3 3 4 1 11 33 38 -1
15 5 27 2 6 17 -1
8 1 49 7 3 46 9 -1
4 2 5 97 12 14 52 -1
1 1 22 1 5 35 -1
36 1 3 -1
13 55 1 11 1 8 -1
57 26 22 8 -1
1 42 28 -1
6 77 8 4 -1
1 5 61 5 80 -1
1 2 6 -1
1 1 7 30 1 33 -1
37 8 2 16 2 11 3 -1
1 27 13 8 63 -1
23 49 15 7 -1
1 25 1 1 1 1 -1
9 2 3 1 73 1 -1
7 1 7 -1
4 12 3 -1
7 1 3 91 1 6 48 -1
2 9 3 47 29 3 -1
30 20 9 10 4 3 -1
96 5 2 8 11 23 -1
2 2 15 1 7 75 -1
1 62 40 -1
62 22 13 11 3 1 -1
10 4 2 79 -1
49 3 16 3 30 98 -1
38 13 100 33 -1
1 19 45 28 7 2 -1
32 81 12 -1
1 1 8 9 77 -1
1 13 71 1 2 38 -1
2 23 4 7 -1
90 4 8 2 5 -1
48 1 1 42 25 8 -1
95 59 22 3 96 -1
1 2 57 2 -1
59 58 1 1 1 4 4 -1
43 1 25 11 83 -1
58 22 4 13 2 -1
73 29 2 30 1 4 11 -1
4 3 1 1 1 5 -1
4 1 1 -1
5 36 2 20 -1
1 52 9 -1
2 1 3 2 -1
1 1 7 22 1 1 -1
30 31 5 27 2 -1
4 16 4 1 1 3 1 -1
9 4 4 -1
2 98 3 5 -1
2 26 8 1 1 13 -1
10 6 72 3 61 5 48 -1
1 3 37 40 -1
2 13 5 -1
4 1 2 3 27 3 -1
42 1 23 39 1 22 1 -1
63 60 12 -1
13 5 1 33 6 -1
3 7 16 72 11 34 -1
8 1 4 3 6 58 -1
73 19 1 3 -1
1 10 70 1 31 31 -1
3 3 19 1 -1
7 15 1 2 17 96 -1
6 82 3 8 7 -1
39 10 47 17 3 -1
21 1 1 6 6 -1
9 12 11 7 3 -1
94 4 12 3 1 5 30 -1
22 26 45 -1
13 14 27 11 2 4 1 -1
79 11 5 -1
2 34 39 2 5 -1
2 1 7 -1
1 96 39 9 1 -1
27 1 8 4 2 62 -1
38 4 4 1 2 -1
87 70 24 90 24 -1
7 8 10 10 17 1 -1
1 1 54 44 96 17 -1
9 4 33 22 1 -1
33 2 45 2 74 1 -1
1 77 10 73 1 21 -1
39 1 1 24 1 5 -1
1 1 7 79 14 -1
36 1 92 90 4 -1
3 62 34 98 -1
1 10 54 2 -1
1 5 2 98 6 1 15 -1
2 3 52 1 -1
36 2 1 5 7 1 -1
76 2 4 5 -1
4 2 4 26 7 -1
36 12 2 1 24 37 7 -1
31 1 4 1 -1
4 1 1 1 74 46 -1
14 5 69 32 1 10 -1
30 9 14 23 1 -1
41 10 1 3 -1
12 2 2 -1
2 1 36 16 18 16 29 -1
34 2 24 1 2 -1
2 17 7 1 32 -1
1 5 35 62 8 62 2 -1
99 1 6 1 35 2 -1
1 12 3 -1
7 27 1 27 17 -1
22 9 7 2 8 7 -1
5 10 3 1 1 4 13 -1
1 41 1 -1
2 3 18 57 -1
4 29 1 3 1 3 -1
22 76 4 1 1 -1
14 70 2 1 3 3 7 -1
1 1 90 71 20 86 -1
20 26 2 8 -1
5 33 11 -1
42 13 2 3 8 -1
4 2 2 3 24 1 -1
1 1 25 -1
7 6 1 52 7 -1
1 9 65 37 4 -1
2 9 2 -1
11 15 9 76 24 1 -1
10 13 6 70 2 -1
4 23 1 2 13 23 -1
53 37 4 20 46 1 -1
89 93 5 -1
16 3 1 -1
6 80 6 1 15 5 1 -1
6 18 3 3 4 16 -1
47 17 11 19 4 4 9 -1
57 1 75 4 42 53 -1
5 3 42 1 -1
39 1 50 4 2 33 -1
50 6 1 4 -1
1 3 3 2 5 44 -1
11 1 20 1 24 -1
3 5 95 7 1 -1
60 12 6 -1
37 1 49 3 -1
9 2 18 49 64 -1
1 40 44 1 37 7 100 -1
1 16 51 8 1 5 -1
46 3 26 2 48 1 1 -1
2 26 20 37 -1
1 10 22 -1
1 5 12 80 -1
2 23 28 23 -1
1 19 89 13 -1
28 1 33 1 1 3 19 -1
17 2 1 6 59 -1
29 12 2 8 22 -1
1 3 16 1 1 32 44 -1
26 12 2 15 8 1 10 -1
2 1 35 52 -1
1 3 7 -1
2 1 17 1 2 3 39 -1
1 30 11 4 -1
3 16 3 1 -1
7 7 7 -1
40 32 85 99 6 -1
10 1 51 1 2 11 9 -1
21 1 1 3 -1
5 2 4 -1
5 72 25 1 5 43 97 -1
1 85 1 4 -1
1 5 19 2 24 28 -1
3 4 89 17 1 84 18 -1
1 11 3 2 1 -1
85 9 49 3 -1
6 48 55 2 5 -1
77 1 43 8 26 33 30 -1
2 12 1 51 92 -1
1 2 11 3 3 8 -1
21 8 4 29 2 -1
1 2 14 67 39 1 54 -1
72 23 1 24 13 -1
9 1 82 21 1 3 7 -1
27 54 8 22 9 8 1 -1
4 1 73 18 40 50 47 -1
50 12 73 -1
20 8 11 41 -1
20 87 7 2 1 7 1 -1
7 1 27 5 4 2 -1
71 7 16 75 4 11 -1
8 39 97 9 -1
78 1 17 2 -1
2 1 16 38 6 79 -1
59 7 3 26 41 -1
10 58 13 -1
5 2 2 4 5 52 -1
11 31 10 -1
16 7 9 1 26 33 -1
4 1 10 -1
41 50 51 -1
11 4 1 39 -1
14 17 24 6 -1
2 1 23 40 31 8 2 -1
16 3 52 13 67 1 -1
3 19 3 21 1 53 67 -1
90 3 71 -1
14 1 7 1 2 6 41 -1
80 10 2 69 2 1 -1
2 14 57 31 -1
14 3 5 -1
50 1 1 26 1 11 75 -1
1 1 3 1 9 -1
13 71 1 -1
68 36 68 5 23 1 1 -1
6 1 7 4 72 -1
88 3 14 34 15 -1
8 88 17 2 -1
12 1 53 2 -1
8 1 10 31 5 2 15 -1
2 1 15 7 -1
2 51 5 74 8 -1
1 18 9 35 3 50 2 -1
12 2 4 1 -1
3 2 7 -1
58 1 1 82 -1
73 7 22 1 -1
81 23 52 -1
3 9 1 60 -1
9 2 64 13 2 2 -1
15 29 16 13 5 10 2 -1
1 57 94 31 10 4 1 -1
2 6 20 -1
1 23 49 -1
25 2 16 -1
29 15 90 3 -1
1 6 16 4 -1
2 5 3 50 16 -1
97 14 53 3 1 -1
1 30 1 -1
3 38 68 1 6 1 78 -1
50 3 10 -1
3 2 43 69 5 -1
4 4 7 6 -1
6 7 