L1

954,1,
494,2,
295,3,
242,4,
204,5,
157,6,
157,7,
136,8,
113,9,
92,10,
101,11,
87,12,
79,13,
45,14,
61,15,
68,16,
57,17,
53,18,
46,19,
59,20,
43,21,
41,22,
39,23,
31,24,
28,25,
37,26,
42,27,
31,28,
33,29,
35,30,
33,31,
32,32,
33,33,
23,34,
29,35,
26,36,
24,37,
33,38,
32,39,
26,40,
25,41,
25,42,
22,43,
20,44,
18,45,
14,46,
18,47,
20,48,
21,49,
28,50,
29,51,
18,52,
14,53,
11,54,
14,55,
14,56,
13,57,
9,58,
20,59,
17,60,
14,61,
14,62,
17,63,
12,64,
11,65,
14,66,
11,67,
13,68,
9,69,
18,70,
17,71,
17,72,
14,73,
13,74,
13,75,
11,76,
15,77,
6,78,
17,79,
10,80,
11,81,
12,82,
12,83,
7,84,
11,85,
8,86,
11,87,
13,88,
10,89,
13,90,
7,91,
13,92,
10,93,
17,94,
6,95,
12,96,
10,97,
12,98,
7,99,
11,100,

L2

230,1,2,
154,1,3,
130,1,4,
103,1,5,
80,1,6,
93,1,7,
79,1,8,
72,1,9,
54,1,10,
64,1,11,
47,1,12,
48,1,13,
29,1,14,
39,1,15,
42,1,16,
34,1,17,
36,1,18,
28,1,19,
33,1,20,
32,1,21,
24,1,22,
22,1,23,
20,1,24,
17,1,25,
19,1,26,
23,1,27,
22,1,28,
16,1,29,
22,1,30,
16,1,31,
18,1,32,
22,1,33,
11,1,34,
23,1,35,
17,1,36,
19,1,37,
17,1,38,
15,1,39,
12,1,40,
16,1,41,
15,1,42,
11,1,43,
10,1,44,
12,1,45,
7,1,46,
10,1,47,
17,1,48,
10,1,49,
17,1,50,
16,1,51,
11,1,52,
12,1,53,
9,1,54,
8,1,55,
10,1,56,
7,1,57,
7,1,58,
12,1,59,
10,1,60,
11,1,61,
7,1,62,
10,1,63,
9,1,64,
9,1,65,
6,1,66,
10,1,67,
6,1,68,
6,1,69,
10,1,70,
7,1,71,
7,1,72,
10,1,73,
9,1,74,
7,1,75,
9,1,76,
8,1,77,
11,1,79,
9,1,80,
6,1,81,
10,1,82,
7,1,83,
5,1,84,
6,1,85,
7,1,87,
10,1,88,
5,1,89,
7,1,90,
8,1,92,
7,1,93,
10,1,94,
8,1,96,
8,1,97,
7,1,98,
4,1,99,
4,1,100,
79,2,3,
76,2,4,
79,2,5,
53,2,6,
49,2,7,
44,2,8,
33,2,9,
27,2,10,
37,2,11,
27,2,12,
25,2,13,
21,2,14,
23,2,15,
31,2,16,
26,2,17,
16,2,18,
22,2,19,
21,2,20,
15,2,21,
13,2,22,
18,2,23,
7,2,24,
5,2,25,
16,2,26,
17,2,27,
13,2,28,
15,2,29,
12,2,30,
8,2,31,
14,2,32,
15,2,33,
11,2,34,
11,2,35,
10,2,36,
11,2,37,
12,2,38,
11,2,39,
6,2,40,
9,2,41,
8,2,42,
10,2,43,
7,2,44,
8,2,45,
5,2,46,
4,2,47,
7,2,48,
7,2,49,
11,2,50,
9,2,51,
7,2,52,
6,2,55,
5,2,56,
7,2,57,
8,2,59,
7,2,60,
6,2,61,
8,2,62,
5,2,63,
4,2,64,
6,2,66,
4,2,69,
10,2,70,
4,2,71,
4,2,72,
5,2,73,
7,2,74,
4,2,75,
4,2,76,
7,2,79,
4,2,81,
4,2,82,
6,2,83,
6,2,87,
6,2,92,
7,2,94,
8,2,98,
5,2,100,
49,3,4,
44,3,5,
32,3,6,
34,3,7,
30,3,8,
29,3,9,
17,3,10,
27,3,11,
20,3,12,
12,3,13,
9,3,14,
11,3,15,
20,3,16,
15,3,17,
17,3,18,
12,3,19,
11,3,20,
12,3,21,
5,3,23,
9,3,24,
8,3,25,
9,3,26,
9,3,27,
5,3,28,
7,3,29,
9,3,30,
8,3,31,
4,3,32,
7,3,33,
6,3,34,
5,3,35,
6,3,36,
7,3,37,
4,3,39,
6,3,40,
5,3,41,
5,3,42,
4,3,43,
6,3,44,
4,3,45,
5,3,46,
7,3,47,
6,3,48,
6,3,49,
6,3,50,
5,3,51,
4,3,52,
4,3,53,
5,3,55,
4,3,56,
4,3,57,
5,3,59,
5,3,62,
5,3,63,
5,3,65,
5,3,67,
4,3,71,
4,3,72,
4,3,79,
5,3,82,
5,3,83,
5,3,85,
4,3,90,
4,3,91,
4,3,93,
6,3,94,
7,3,98,
37,4,5,
28,4,6,
25,4,7,
23,4,8,
24,4,9,
14,4,10,
20,4,11,
20,4,12,
17,4,13,
7,4,14,
13,4,15,
12,4,16,
12,4,17,
10,4,18,
6,4,19,
8,4,20,
6,4,21,
8,4,22,
4,4,23,
5,4,25,
4,4,26,
10,4,27,
5,4,28,
6,4,29,
10,4,30,
8,4,31,
4,4,32,
4,4,33,
6,4,36,
6,4,37,
5,4,38,
6,4,39,
6,4,40,
5,4,41,
4,4,42,
5,4,43,
4,4,44,
5,4,47,
7,4,48,
8,4,50,
4,4,51,
6,4,53,
5,4,58,
4,4,63,
6,4,71,
6,4,72,
5,4,74,
4,4,75,
5,4,77,
5,4,79,
4,4,85,
4,4,94,
32,5,6,
23,5,7,
26,5,8,
16,5,9,
11,5,10,
18,5,11,
21,5,12,
12,5,13,
10,5,14,
11,5,15,
12,5,16,
9,5,17,
10,5,18,
10,5,20,
7,5,21,
8,5,23,
6,5,24,
5,5,25,
6,5,27,
4,5,29,
7,5,30,
5,5,31,
8,5,32,
4,5,33,
9,5,35,
9,5,36,
4,5,37,
11,5,38,
4,5,39,
7,5,40,
7,5,43,
6,5,44,
5,5,48,
5,5,50,
6,5,51,
4,5,59,
4,5,63,
6,5,68,
4,5,70,
4,5,80,
5,5,94,
5,5,96,
5,5,97,
23,6,7,
20,6,8,
14,6,9,
7,6,10,
14,6,11,
8,6,12,
12,6,13,
11,6,15,
10,6,16,
11,6,17,
7,6,19,
9,6,20,
8,6,21,
4,6,23,
5,6,24,
4,6,25,
5,6,28,
5,6,29,
5,6,31,
6,6,39,
4,6,45,
6,6,48,
6,6,49,
6,6,82,
4,6,99,
20,7,8,
16,7,9,
13,7,10,
13,7,11,
9,7,12,
6,7,13,
9,7,14,
14,7,15,
11,7,16,
6,7,17,
6,7,18,
4,7,19,
8,7,20,
6,7,21,
6,7,22,
6,7,23,
4,7,24,
5,7,26,
6,7,27,
7,7,28,
5,7,30,
4,7,32,
5,7,33,
5,7,36,
4,7,38,
5,7,48,
4,7,49,
4,7,59,
4,7,63,
4,7,82,
17,8,9,
8,8,10,
14,8,11,
12,8,12,
14,8,13,
7,8,15,
5,8,16,
7,8,17,
7,8,19,
7,8,20,
6,8,22,
4,8,23,
5,8,24,
5,8,25,
7,8,26,
9,8,27,
5,8,28,
4,8,29,
5,8,31,
4,8,35,
6,8,41,
6,8,42,
4,8,44,
4,8,48,
5,8,49,
8,8,51,
4,8,62,
6,8,77,
4,9,10,
12,9,11,
8,9,12,
6,9,13,
6,9,15,
8,9,16,
5,9,17,
9,9,18,
4,9,19,
4,9,20,
7,9,22,
4,9,27,
4,9,33,
4,9,36,
4,9,38,
6,9,39,
4,9,40,
4,9,50,
5,10,11,
6,10,12,
11,10,13,
5,10,15,
5,10,17,
6,10,18,
5,10,19,
4,10,20,
7,10,31,
4,10,35,
4,10,56,
8,11,12,
8,11,13,
9,11,16,
5,11,17,
4,11,18,
6,11,19,
4,11,20,
4,11,21,
6,11,23,
4,11,25,
5,11,30,
4,11,31,
5,11,32,
6,11,36,
4,11,39,
5,11,42,
4,12,13,
4,12,14,
5,12,20,
4,12,50,
4,12,51,
4,12,70,
6,13,14,
6,13,15,
4,13,17,
6,13,18,
4,13,20,
6,13,22,
4,13,27,
4,13,28,
4,14,16,
4,14,17,
5,15,16,
5,15,17,
5,15,24,
4,15,26,
4,15,29,
4,15,35,
4,15,75,
4,16,17,
4,16,18,
5,17,18,
9,17,27,
5,18,19,
6,18,21,
4,18,50,
5,19,28,
4,20,21,
5,20,26,
4,20,27,
4,21,29,

L3

46,1,2,3,
43,1,2,4,
35,1,2,5,
28,1,2,6,
27,1,2,7,
24,1,2,8,
16,1,2,9,
14,1,2,10,
24,1,2,11,
14,1,2,12,
9,1,2,13,
14,1,2,14,
17,1,2,15,
18,1,2,16,
12,1,2,17,
11,1,2,18,
13,1,2,19,
8,1,2,20,
12,1,2,21,
5,1,2,22,
8,1,2,23,
4,1,2,24,
7,1,2,26,
11,1,2,27,
8,1,2,28,
7,1,2,29,
7,1,2,30,
4,1,2,31,
7,1,2,32,
10,1,2,33,
6,1,2,34,
9,1,2,35,
6,1,2,36,
7,1,2,37,
5,1,2,38,
4,1,2,39,
6,1,2,41,
4,1,2,42,
5,1,2,43,
6,1,2,45,
5,1,2,48,
7,1,2,50,
4,1,2,57,
4,1,2,59,
5,1,2,60,
4,1,2,61,
4,1,2,62,
6,1,2,70,
4,1,2,73,
6,1,2,74,
6,1,2,79,
4,1,2,83,
5,1,2,87,
5,1,2,98,
27,1,3,4,
22,1,3,5,
18,1,3,6,
18,1,3,7,
17,1,3,8,
14,1,3,9,
6,1,3,10,
16,1,3,11,
9,1,3,12,
8,1,3,13,
7,1,3,14,
12,1,3,16,
9,1,3,17,
11,1,3,18,
9,1,3,19,
4,1,3,20,
8,1,3,21,
5,1,3,24,
4,1,3,26,
4,1,3,27,
4,1,3,28,
5,1,3,30,
5,1,3,31,
4,1,3,33,
4,1,3,36,
5,1,3,37,
4,1,3,44,
4,1,3,48,
4,1,3,52,
4,1,3,65,
4,1,3,67,
5,1,3,94,
17,1,4,5,
15,1,4,6,
11,1,4,7,
15,1,4,8,
14,1,4,9,
6,1,4,10,
14,1,4,11,
9,1,4,12,
12,1,4,13,
7,1,4,15,
6,1,4,16,
7,1,4,17,
5,1,4,18,
5,1,4,20,
4,1,4,21,
4,1,4,22,
4,1,4,25,
8,1,4,27,
6,1,4,30,
4,1,4,31,
5,1,4,36,
4,1,4,37,
5,1,4,41,
6,1,4,48,
6,1,4,50,
6,1,4,53,
4,1,4,58,
4,1,4,74,
14,1,5,6,
15,1,5,7,
15,1,5,8,
9,1,5,9,
6,1,5,10,
7,1,5,11,
11,1,5,12,
6,1,5,13,
5,1,5,14,
8,1,5,15,
6,1,5,16,
4,1,5,17,
7,1,5,18,
4,1,5,21,
4,1,5,24,
4,1,5,30,
6,1,5,32,
8,1,5,35,
4,1,5,36,
4,1,5,38,
5,1,5,43,
4,1,5,80,
4,1,5,94,
4,1,5,97,
13,1,6,7,
8,1,6,8,
9,1,6,9,
9,1,6,11,
6,1,6,12,
5,1,6,15,
7,1,6,16,
6,1,6,17,
5,1,6,20,
5,1,6,21,
4,1,6,48,
5,1,6,82,
12,1,7,8,
11,1,7,9,
7,1,7,10,
8,1,7,11,
6,1,7,12,
4,1,7,14,
10,1,7,15,
7,1,7,16,
5,1,7,17,
5,1,7,18,
5,1,7,20,
5,1,7,21,
4,1,7,27,
6,1,7,28,
4,1,7,48,
11,1,8,9,
8,1,8,10,
8,1,8,11,
8,1,8,12,
8,1,8,13,
5,1,8,15,
4,1,8,19,
4,1,8,20,
4,1,8,25,
5,1,8,26,
4,1,8,27,
4,1,8,31,
4,1,8,41,
4,1,8,48,
4,1,8,49,
4,1,8,51,
6,1,9,11,
4,1,9,12,
6,1,9,16,
5,1,9,18,
7,1,10,13,
4,1,10,15,
5,1,10,18,
5,1,10,31,
6,1,11,16,
4,1,11,17,
4,1,11,19,
4,1,11,30,
4,1,12,13,
4,1,13,14,
4,1,13,15,
5,1,13,18,
4,1,13,20,
4,1,15,24,
4,1,15,35,
4,1,16,17,
4,1,17,18,
5,1,17,27,
4,1,18,19,
5,1,18,21,
10,2,3,4,
14,2,3,5,
7,2,3,6,
7,2,3,7,
11,2,3,8,
7,2,3,9,
8,2,3,11,
5,2,3,12,
4,2,3,14,
5,2,3,16,
6,2,3,17,
7,2,3,18,
5,2,3,19,
5,2,3,26,
4,2,3,35,
4,2,3,50,
4,2,3,98,
14,2,4,5,
7,2,4,6,
10,2,4,7,
7,2,4,8,
5,2,4,9,
5,2,4,10,
7,2,4,11,
7,2,4,12,
7,2,4,13,
5,2,4,14,
5,2,4,16,
5,2,4,17,
5,2,4,21,
4,2,4,22,
7,2,4,27,
4,2,4,30,
18,2,5,6,
10,2,5,7,
9,2,5,8,
6,2,5,9,
5,2,5,11,
4,2,5,12,
4,2,5,13,
6,2,5,15,
5,2,5,16,
6,2,5,17,
5,2,5,20,
4,2,5,36,
5,2,5,38,
4,2,5,43,
4,2,5,59,
7,2,6,7,
5,2,6,8,
5,2,6,9,
6,2,6,11,
6,2,6,13,
4,2,6,16,
5,2,6,17,
4,2,6,19,
4,2,6,20,
6,2,7,8,
5,2,7,11,
5,2,7,13,
4,2,7,14,
7,2,7,15,
5,2,7,20,
4,2,7,28,
4,2,7,36,
8,2,8,11,
4,2,8,12,
4,2,9,13,
4,2,9,16,
4,2,11,13,
4,2,11,19,
4,2,11,42,
4,2,13,15,
4,2,15,17,
6,3,4,5,
7,3,4,6,
4,3,4,7,
6,3,4,8,
4,3,4,9,
5,3,4,11,
4,3,4,12,
4,3,4,13,
4,3,4,15,
4,3,4,16,
4,3,4,17,
4,3,4,27,
4,3,5,6,
6,3,5,7,
7,3,5,8,
4,3,5,9,
4,3,5,10,
4,3,5,11,
4,3,5,12,
4,3,5,16,
4,3,5,44,
7,3,6,7,
5,3,6,8,
6,3,7,8,
5,3,7,9,
4,3,9,12,
4,3,9,18,
4,3,11,16,
4,3,20,21,
5,4,5,6,
6,4,5,8,
5,4,5,9,
8,4,5,12,
4,4,5,13,
4,4,5,40,
5,4,6,7,
4,4,6,8,
4,4,6,9,
4,4,6,15,
4,5,6,7,
4,5,6,8,
4,5,6,13,
5,5,6,15,
5,5,6,17,
5,5,7,11,
5,5,8,9,
4,5,8,51,
4,5,9,12,
7,6,7,8,
6,6,7,9,

L4

5,1,2,3,4,
4,1,2,3,5,
7,1,2,3,8,
6,1,2,3,11,
4,1,2,3,14,
4,1,2,3,18,
5,1,2,4,5,
4,1,2,4,8,
7,1,2,4,11,
4,1,2,4,12,
4,1,2,4,13,
4,1,2,4,21,
6,1,2,4,27,
7,1,2,5,6,
7,1,2,5,7,
4,1,2,5,15,
5,1,2,7,15,
5,1,3,4,5,
4,1,3,4,6,
4,1,3,4,8,
4,1,3,4,11,
5,1,3,5,7,
5,1,3,7,8,
4,1,4,5,8,
4,1,5,7,11,
4,1,5,8,9,
4,1,6,7,9,
4,2,4,5,6,
4,2,5,6,17,

L5

